3.8
yes
41932.20339
0.53232
-0.03219
0.97656
7.385
0.63634
96.55172
56.57146
6.9
22929.0
0.65273
-0.00317
0.27743
0.65644
0.2023
0.12032
0.03614
0.93404
0.04598
-0.16667
13588.0
7.0
0.99671
0.37399
-0.16849
0.016
13.0
0.96667
-0.03835
0.25
14.9
-2.44
0.1182
0.55963
-0.11349
-0.05315
0.23466
0.02602
144.86
3.26849
0.07467
0.03065
0.57484
0.27867
192501.5
yes
36.7
93670.33333
26138609.0
0.25352
-0.19971
0.34719
0.05624
-0.6767
558.0
0.14952
0.01543
0.12316
-0.0625
204.11765
0.2582
0.15385
2.34
0.13393
0.39367
0.14037
-2119.0
1008.46
5.3856
9.8
0.14264
0.0658
3.94596
42.5
3.53735
0.06892
100491.0
7.78443
0.05093
-0.23812
64.2
0.65273
870.0
0.07362
yes
-558.0
11.0
0.0529
-1579.0
131250000.0
331.2253
4236.12
0.02375
3989000.0
0.19732
-23.0
0.03265
3.1867
20.3
0.08812
0.10693
0.597
393200.0
0.65273
4639.78
0.00258
0.39931
2.25
-12.0
0.11412
424.0
-0.07538
11.33333
2.33333
14.0
12.0
5.40541
-0.26689
0.0837
2350.0
154.54545
0.07013
158.3
0.27937
295.42097
0.83756
143.15
531600.0
-0.44852
0.23581
1106.45161
233.0
2825000.0
0.11251
0.12711
1.35478
-0.01054
375.92105
-0.11111
0.48058
5.81702
0.63158
0.41379
0.588
0.08203
0.12627
0.50272
62.0
-1510.0
-0.2568
0.81057
30.66667
2.97
0.30522
0.43961
4.84
0.18182
94.86551
1.09794
0.07538
yes
2.6
14700.0
0.15464
0.06252
1.95396
2.61833
0.09615
-1.0
0.49452
0.97833
-0.03545
0.12671
0.45991
0.08621
-1.78
0.6061
19.56667
390.525
0.24743
0.0132
0.56385
0.08879
0.72704
0.4938
0.02258
0.66614
0.71928
1.9
0.01382
35320.0
0.10465
-5821.0
0.25
174.0
13.0
2310.0
0.19993
559.0
0.00116
0.32065
0.21073
407.0
0.685
91400.0
0.15102
1051.0
20.75472
-0.306
0.04233
0.12122
-0.03483
0.21635
1171.4
0.86945
0.02231
0.18264
-0.40167
0.66138
-0.03874
0.38742
31.6
0.02165
0.19392
0.12993
3.95
0.172
-0.23888
70.0
0.21154
-124.0
0.14197
no
24641.0
506127.0
3376.0
54.8
0.12176
16.5924
78.71658
0.61538
-2757.233
48.0
0.51268
0.27774
0.52318
2484034.0
1016.0
-1.4
0.8
0.97779
61.66
9104.0
0.89776
-0.74661
82.6
724.0
0.23342
37.81139
-0.5425
0.01504
0.03431
-0.53929
0.41094
313.81356
5.09091
0.07966
0.008
0.25
0.11528
0.33495
yes
0.58384
-0.17266
41932.20339
0.58066
108288.88889
0.38166
773.68776
0.16667
0.8
27.31201
-0.18638
85331.0
0.00707
0.2416
0.06246
no
729.3
4135.26
0.30545
211874.5
-151100.0
-856.9
0.01432
3.04011
0.36364
0.99618
0.01339
0.02676
0.56396
0.12865
1.23077
0.63382
0.27153
48.18182
0.2
920.0
0.02472
1.3
0.10353
0.50029
-0.03656
0.34682
0.18182
11.0
0.37447
1.42857
29133.33333
8.0
649.66667
0.09234
749524.29167
18.8
0.05608
0.56609
59.04
157600.0
-0.055
0.23479
0.52872
0.25767
0.59714
2078.0
8.76224
-0.513
-0.058
3.2
337.0
0.31783
0.14077
0.274
0.01223
0.0
12.8
0.59699
-0.15091
28.0
14448.71795
0.0326
16394000.0
0.0859
1370666.66667
22441.0
966.0
78.0
0.75
13.0
1.17
0.04167
1860.0
0.70705
-0.073
-42.0
0.11262
42.59574
28.3
-17.0
712.0
0.48101
13.0
0.1874
0.26786
0.40541
34.0
0.4
1.9
0.0538
0.08216
14.28571
0.40541
117.0
3.0
0.61487
-606.0
0.72368
27.0
0.07657
0.00116
0.12225
3936.0
0.92525
1.85324
0.02455
10.0
1504.0
0.07928
0.26786
201.0
1.17785
0.64793
0.53181
247.0
0.32567
-0.05769
80.0
0.04229
10122.0
0.26397
2376487.57
1.3125
0.13089
0.61935
120384.61538
3058.0
0.07352
4.7
44.66667
0.13462
177.71642
57.48
0.56359
649.05
76.0
1.04956
413.3
0.72368
0.08276
3280.0
0.18152
1065.0
415208.0
11310.0
22.95053
150.96756
-46455.0
2176422.0
1.34615
5.2
1207.0
39.6
0.22243
842115.0
29.33333
0.04258
0.71782
2.5679
0.27364
yes
0.08621
4.0
0.09859
22.8588
554402.0
1.7561
56784.0
1215.66667
-0.4849
282076.0
293.71728
0.16509
1.707
30.0
5.79592
0.06301
-14.64
-21.0
2.41556
0.45308
-1365.0
0.6087
0.00231
0.71289
3.0
0.12381
0.21689
0.21813
0.0451
0.69444
5.54386
0.03269
-1.10667
0.7146
0.01875
-7.0
0.48272
381.25
290.0
1.10294
1.47676
0.98187
0.02072
0.15888
148.27586
0.34808
0.0025
-0.05415
0.12498
0.17043
0.05464
45.7
0.53623
87.177
113.06943
0.85
0.28261
0.2148
0.78113
2.60492
133.69231
-0.4359
270111.0
2211.76471
1.37747
0.41667
1860386.0
2.5
0.6
0.82022
2666022.36478
0.67385
-0.12371
0.16284
0.40678
2099.0
0.01956
22.0
0.18462
0.13257
16.66667
0.08695
27.0
1.8
0.9
0.33046
yes
0.00488
0.43919
0.08908
2.3
32.0
5.45
11.66796
0.05434
9.5
215000000.0
0.10824
no
-27.0
0.24
0.09488
-132.8
136.0
0.72953
373000.0
0.22701
-0.34454
4.83333
0.6511
23443.0
0.02295
-47.0
0.30667
0.64626
0.21053
0.0175
-0.2147
-2.4
357.0
-128.0
1878.0
0.13393
8700.0
2276.0
0.09148
126.0
-256245.0
0.2
0.0
0.0779
0.47297
27000000.0
8953.33333
6.25
0.02313
38.0
0.46292
381.0
0.15407
0.5183
0.86667
2211.16
1.0922
0.96
9491778.0
0.16235
295.27273
0.13825
0.85464
-0.25147
80481.0
36.86
38.06977
3633.0
4.75
10753.28
159126241.87146
0.017
yes
0.14529
0.05525
1.0
-38.54
yes
0.1368
0.085
0.02569
18.935
5512.0
2068.0
26.21622
105.5
0.7528
0.0
16759.5
0.11314
0.67663
1.54
0.01896
0.1853
-0.58
0.93934
131.0
6381342.0
0.64109
0.6383
5.64516
0.49062
180.04
0.75033
47247.0
687.0
0.87878
15963.5
0.99
0.78699
547.69231
0.00607
1.58824
0.6875
-4.4
0.01
0.49239
0.25838
0.32623
0.14286
-0.09542
1.1
90.5
50.0
-0.16577
23.0
0.36833
0.41181
0.04569
1194.5
368.0
0.0225
1.14
230005.33333
1116000.0
-0.02817
67.5
4.51
0.35897
148.27586
0.13339
0.0033
3739.4
0.3125
0.16803
2.0
0.84402
yes
0.57478
-0.08052
0.15116
0.36805
58.5
-0.09091
1.13692
0.26584
-0.23529
0.565
23.3
-0.67247
0.31325
1.17051
0.11202
1.87955
212.0
0.82454
5.41
12.0
0.07049
0.42442
3.21429
0.80815
0.06034
71.0
4.18
-0.09615
0.12849
2.62917
0.89744
4897.0
5.9
0.03884
152.0
0.6534
0.01743
no
3021.0
1699.5
-0.18269
0.30282
2.9
-0.2109
0.58772
0.23028
-73.0
0.09875
0.31401
49.0
102.0
0.03231
0.84717
0.41493
0.1637
0.07768
1.62791
0.98484
-38.0
93.0
9462396.0
1.01
0.237
3.0
6.28
-0.11422
35.4
1248.71795
20.05
470625.0
-0.48606
12.5
0.3118
0.6
118.0
0.45015
0.07087
2.4
140003.0
38316.32653
27.66667
0.562
2947.916
2476.5
-0.54939
0.05128
0.28571
0.8819
3956.0
0.55999
0.5
0.05886
1252.9
no
0.13482
1900.0
950000.0
0.63636
457.0
331.0
0.04969
0.33989
-31.9
-0.21
0.56769
0.018
300000.0
500100000.0
0.21489
0.0
110.30247
2.72072
5805209.0
1251.42857
1338.5
2.38532
2439.0
1.748
224311.0
8155.33333
-0.83678
42.19048
0.91083
0.59354
179.0
31.0
0.48916
0.14152
-0.18972
0.38375
-0.30558
0.79477
11.65
67.3
0.80646
3.66667
-57099.0
0.75
0.02272
0.58978
0.47128
1.13216
0.84884
19.66667
0.054
0.10467
1.6506
0.0992
0.37514
43.66667
0.0008
1503.0
0.1014
yes
0.9
0.09746
0.11262
0.68851
7.66667
-1.0
no
148030.48
-9.3
no
389.0
2.5
yes
0.5098
0.29933
0.8067
0.82571
3648.0
19.0
32000.0
-0.22954
0.0044
528.0
-0.13249
-0.11668
0.48
0.48442
yes
0.22222
0.52995
yes
1095923.0
1501.0
0.44379
0.183
554686327.89
0.72682
2246.0
285.33333
0.01135
778000.0
-0.36429
0.67092
-0.01211
3254.0
16.66667
77.0
-16.0
0.5738
0.00867
2e-05
-0.08832
0.31439
0.5972
0.23805
128.3944
0.04144
0.1231
0.45358
9.3
35714.6
0.09772
86676685.0
0.10843
8444.0
0.12108
0.11714
0.303
0.4902
116515424.0
yes
0.29458
0.62995
75.0
0.02486
37.3
0.5
0.04837
0.17743
17.76667
-0.14903
0.10774
39.74
141.0
1.74021
-0.07962
0.82816
0.03133
0.13725
0.55675
107.1
3514.33333
0.09634
0.30307
32.004
-489.2
3951.0
0.65153
0.09807
-0.34681
0.29139
1.8
-0.34454
0.99683
10428.33333
1827.6
2.59
36804.7619
0.52288
686.0
16.64557
0.63846
1.2506
0.17786
559900.0
-0.04756
2445.0
0.03793
0.6415
0.52381
0.69273
-0.09917
-9.3
350824.0
0.34448
0.70861
0.32072
0.41784
803.0
0.49458
0.31667
20.40481
-0.06105
0.07339
-1.0
90287877.58
0.4715
0.01539
0.49062
0.00101
0.09235
0.12285
4.8
0.111
34.03621
0.67857
0.44659
0.98284
0.44927
4.62373
-7761.0
65.97015
0.76023
0.12133
2.68
2023.0
23.0
1647.33333
0.14296
0.48519
9813.66667
-0.21514
0.1107
0.3913
4.97
0.06718
2.72207
222.302
-0.1007
0.91293
0.16735
0.44429
0.74271
0.43756
0.01339
32885.0
-0.01047
0.17413
-0.10445
0.92647
0.35947
0.19916
11.21302
35685.65
0.40678
0.02022
0.08847
840.0
1430.0
0.05618
0.05263
0.27036
104554.57447
0.27
0.77273
0.97404
0.41327
0.20408
0.02096
31927.0
394.0
10062.0
0.81072
0.1628
0.06004
-1190095.2381
0.16979
3.31
-0.36364
-0.2199
0.75628
-0.0894
450000.0
167.6
36500.0
322.0
92.0
0.4166
0.40309
0.17214
748.9
1.4463
1.66497
0.165
0.22884
0.04625
122.875
0.87394
yes
1171.0
0.59627
11546.1
48173.0
0.04576
0.16079
0.47312
0.0
-0.17387
0.60729
0.03148
192.6
-0.05782
0.11358
0.26515
2131.0
31903.61446
1575000.0
1928.88
0.22642
0.0002
0.36713
-0.36618
14000000.0
0.24679
0.27052
1.91448
3.5641
653.0
0.14615
0.17391
0.58991
1.00564
0.00015
11872.0
110.0
146180.0
467.0
-0.4305
0.02701
0.70183
1.5
0.00578
4578.0
0.40529
2.00645
-0.07363
416682.2459
35.625
0.14112
-20.3
0.0575
2.13702
-0.11111
0.20079
1224.0
538763257.76
-0.06276
0.03369
614.66667
0.69322
-0.21875
0.91098
323.562
0.96439
3.4
-0.0372
yes
85606.77328
860.0
8.1
136.66667
1267.0
450000.0
0.9
0.76812
0.07166
0.10707
0.00267
0.03843
0.27737
0.39684
830.16
150.0
20.8
0.77363
327.5
0.36183
80968000000.0
0.71461
1.3934
0.98736
108681175.5
0.39535
0.25073
-0.83598
0.08
0.52617
-0.0837
503806.91
193.0
8400.0
0.19954
0.35229
0.75195
7.97373
1651.66667
1.9975
no
729.0
yes
0.0877
-25584.0
8.35593
0.0382
64708890.11
20.0
-0.10465
123.0
0.9818
127.0
0.02444
0.20308
21.0
-0.13555
0.01112
0.68
0.25036
3.0
0.65773
0.39257
0.4359
1.60719
134827.052
0.0763
0.54167
0.47794
3.0
1.1537
0.59366
0.15325
0.08583
71.33333
0.86834
0.72414
86.97
0.41935
0.03627
-0.02805
6.76933
0.13785
1.09489
0.4949
0.7146
0.15147
0.16
1.5456
0.5
0.76585
190.0
0.62598
0.76454
24123727.29
8.47329
9.0
359.0
0.01546
465.0
11.70588
-1263.3
0.0809
0.39843
-0.25147
0.35857
0.54651
0.08209
0.86917
0.02777
125.10885
2.1
0.98636
12.525
0.92857
114.39432
15.0
0.03957
-0.1
0.02905
1063.66667
7341.0
0.67859
0.02941
0.0339
0.74639
-2.6
8.4
3.03333
0.12226
0.09815
-1693.0
20.6
12.21429
-0.21069
0.10749
0.55556
0.64748
0.53285
0.2
67451.0
-512.0
55.0
0.13206
-92.0
0.32
0.49146
420128.0
2.09305
0.6
0.6757
0.70157
4.52277
0.5397
37.914
-935.0
8.0
806.66667
1.47092
0.2127
0.82
17.52273
0.46377
0.2623
-0.45
-1.0
0.97146
-0.25
54.07
-4.1
122604300.0
0.14035
0.15707
-0.05133
0.08
762.33333
-1.0357
43.9
0.10019
953.5
0.37792
0.13373
0.02898
0.69681
-0.29412
0.70199
1.60099
-0.361
0.21232
757058823.52941
916.0
5.9
1804.0
0.62
750.0
0.34824
46335.0
0.71275
-6.7
0.54679
109.0
0.17224
2.08655
0.10548
0.21154
1.01344
0.33496
12.5
0.13043
18576.0
0.12245
0.262
2.5
1058.0
176.0
0.4938
0.47857
0.5817
-0.13249
35.3
0.06731
7.0
19.5
0.01007
-15863.0
238.2
0.12305
869.0
687701.0
0.24233
518.0
-0.06475
0.15268
3103.0
0.1954
0.05266
-0.04694
1.1625
0.37103
18962.0
-18.0
3.75
0.09859
0.10959
0.33769
0.12616
-4.6729
0.14037
0.08177
0.86955
-0.4644
0.02705
14.0
0.7106
0.50848
0.41209
0.7196
yes
47.0
0.19011
-0.03842
no
-0.31738
24.66667
2573.0
408.0
0.20228
0.17085
0.46277
252.6
91.0
79.43383
0.34488
-0.56939
3.6
-0.00648
-0.14323
-113.0
29.6
26353.0
12584.785
2163.6
-0.09061
385.0
0.36904
78.5
107.37895
0.31762
0.07538
1.78049
0.52221
59.6
0.08357
0.05
2.0
1.17
0.65972
27.7
0.007
0.11333
0.25641
0.02
483.0
0.12832
-0.10714
14479.33333
1.44118
0.89349
0.01512
-0.0651
21.17668
-0.01977
439.0
0.05987
0.96241
1.67059
-0.02409
30.69
0.0127
0.14793
0.07244
-132.0
-535.0
0.75159
-1150.0
0.39254
-87.0
10.2
1.57829
0.3347
130.0
1.8
0.0125
0.21265
23.0
4.0
258.0
0.82571
0.38851
984000.0
8864.66667
3.52119
582.0
-0.60003
13.7
0.09954
0.49069
12.0
118.3
5666000.0
1.69231
25.0
8014.28571
-0.47541
-0.2006
0.65962
0.06333
0.37441
0.10409
20.0
1.08571
0.0908
0.01429
0.01328
80.0
14948.0
0.90005
0.66667
2858.1
9.9
0.0201
156.25
0.2
2.3143
0.45308
-20100.0
29.75
20.0
183.09441
0.27867
14.55
42.1522
0.0
15700000000.0
27.0
826.5
2.14609
43.79
3332000.0
0.43845
0.87193
0.09848
56.0
0.02444
0.18524
0.82624
0.03091
-0.22954
-34500.0
0.88482
2.93823
0.84815
0.29903
-843.9
0.00164
-0.03
2929.0
207.0
-0.8878
0.43478
99.0
0.66348
0.38186
yes
11733.0
-0.28029
0.4878
yes
1874.0
0.94427
29.0
0.41962
0.45185
0.35156
1.55367
187775.0
-0.04762
0.04591
0.16907
-0.2509
0.0051
0.27632
2993.0
99.92714
0.78676
543.194
0.0339
66649.0
1.0
432.0
61523.0
0.21573
1.5882
281409.0
0.10931
10.19412
0.07415
10.5
0.20527
2.11111
0.31742
-0.93602
1e-05
no
108.817
yes
0.34
2232.0
382.66667
yes
57740.0
1451.0
335.2
0.04008
53.88
93.4
0.06349
0.27612
-0.62
5.59352
-0.49784
13.0
0.54
1.46667
4.0
yes
0.15478
12.91955
1.152
1164.0
20.16
0.01229
0.21586
0.05346
20.0
64941.0
30.0
0.00971
36.0
0.01633
37.83
-0.19355
yes
0.14069
0.03387
0.04618
61.5
1000.0
0.05498
0.77193
3.595
1.18576
50.0
0.71816
1093.86
1.03716
0.16827
22.9
0.19202
260.95
9.17582
1.14666
12.56
37.7
0.07371
8.1
0.51515
0.475
-618.0
0.063
80.0
-0.0031
0.75733
2.6
1459.0
10.0
0.72782
0.175
0.50337
11.625
0.07594
0.31711
12.0
0.61069
0.39771
0.62147
0.07606
0.36612
0.00657
1.71901
0.16667
10.0
432.5
0.65644
23.0
17.0
-0.08869
0.00107
10.3
6285.66667
923.0
0.53181
0.42457
0.32065
10.0
0.17322
0.1205
-0.02703
0.4881
31903.61446
0.01387
0.21831
-14.0
34.0
-124729.0
0.07341
-0.06579
12.1436
32261.0
0.73149
-5.0
0.26914
473.0
20300000.0
0.38981
26.07
0.07362
408.0
0.82022
1.0
3.03333
0.07906
0.15262
25.0
1.12829
247.47011
0.13933
3.40323
1.39111
16.0
562.4
0.32405
0.02
-70.0
0.24903
0.98
0.3381
173.39
0.2114
10.0
57940.0
-6.24
1.2379
0.42903
1528.57143
80.43231
613.0
0.00619
13.14
-0.02388
14.53
0.40991
0.08376
0.56673
5808.0
223599.0
5.0
-2117.6
930326000.0
-0.43478
1.9
0.79884
0.21697
-0.16271
0.81699
0.08
-0.07838
399758.0
0.41805
0.89135
2107.0
14.26906
0.57947
146251000.0
0.80672
0.0779
0.44444
0.37729
114113666.66667
5908.0
4.0
0.1712
0.74499
0.43117
2.0
-114.9
48396000000.0
0.02269
0.119
0.53242
0.16774
0.34524
0.52941
0.52
5.0208
0.06447
0.14936
0.14894
2044020.0
-0.9
9.14
0.14632
1.18919
-0.05311
-0.13201
672000.0
0.2619
0.35797
0.96391
56.0
33.1
1.82147
0.26333
0.15116
0.15073
0.01318
0.8408
yes
0.58571
0.91667
0.1681
0.04715
0.03852
0.13314
456.02821
0.01914
-1.1061
669000.0
0.14032
4.57
0.32081
yes
0.55227
0.15457
-0.2766
0.07433
10.0
17439.15
0.51093
0.464
141.0
0.49964
27135097.77
113.0
201399.0
0.20886
3.58333
0.15
0.17476
0.03322
1.37879
956.5
4.56065
117.0
0.92643
-0.10712
0.62574
2.85714
-0.12581
0.28148
25.1
850631.0
1.79
3.13333
yes
0.39932
18.76744
0.17582
0.01318
-130700.0
no
-4.2
0.82022
2.73092
38.0
224055.0
791000.0
0.98768
0.17845
0.27301
4.05405
-0.19014
0.1763
389.3
105.0
0.13174
-0.01136
0.32604
1.80328
2.06886
0.63158
0.38331
-1.5923
208.0
0.33765
14936.33333
1.5959
1.01977
0.27
0.3783
10922000.0
0.0708
19.0
0.23077
0.17978
62.0438
1.69492
0.76471
0.91837
46.05731
1149309.0
0.984
0.12988
0.38553
21146.0
210.0
29.5
323.0
0.62843
0.15156
15.15
36.41465
2209.0
248961.75
0.0382
-9.33333
0.65153
0.39397
0.22646
0.25551
198.8
0.0253
32.0
-1.0
0.0211
0.06638
yes
0.06665
13566.0
996.0
-454.2
209.0
0.44659
0.7861
236.2
31846.0
0.34609
-12746.0
-12388.0
55948047.38
125.0
34.888
154.5
0.04
2436.2
232.8
0.17794
1366.0
42.0
-0.04229
-0.03686
1.78431
1.5012
2857.0
0.44995
1.64384
4.12022
0.29468
0.04958
-0.09542
16349.0
0.022
-0.16135
69724.0
3307.0
187050.0
46.8
0.28993
0.2
7011270.31342
125143.12007
0.05201
1.03164
0.47849
1041.45
0.62973
1.79
60.44444
-0.05881
52089.09091
2745454.54545
0.67362
0.55814
24.63514
0.02789
0.47872
0.73684
61.0
0.78035
2250000.0
0.11983
4.9
0.301
966.0
4043.0
32.7
0.02926
0.5015
0.59127
13.8
0.22857
0.35797
0.59749
20.6
10.52151
61.965
36.1
-31.0
1537620.0
71.0
759.5
0.78042
11.9
0.24723
32.2
0.19954
0.28798
11.66
2.72445
0.61053
3994.56
2.25
1278.0
3.38041
0.42166
19.0
2799.0
1.3167
13.0
0.49296
0.63523
605.0
3.32
20.0
10.3
44222.0
0.33333
570.0
1.47745
0.49069
35.71429
0.65301
-0.21525
0.73808
-0.19444
-0.00561
81.0
-0.05979
-0.35474
6.0
0.18379
96114.48
0.87349
11.11111
0.43875
1050000000.0
0.69695
12950000.0
0.12121
-0.33383
0.41275
0.16923
0.53523
0.15789
0.51556
0.0142
2496.0
383221.0
-0.13397
872.0
73.08824
0.37563
0.25432
90.0
7.095
498.0
1.1
0.31683
26.89076
0.435
346.37
0.21156
1638.6
1.02632
0.58384
0.03969
2.47892
50.0
2482838.0
0.38633
0.13001
0.25578
0.151
0.58582
0.02905
yes
0.19788
0.22875
-0.20414
20.332
0.05201
1691.0
8.91996
-12300.0
0.06364
yes
1.09355
0.47826
29200.0
9.38
0.05642
0.09583
0.06
5962.0
4679.0
0.12599
17.94118
0.11202
29.66667
2.0
1.08712
0.29217
0.19441
-284324.0
0.77713
51336.0
0.03052
0.45251
957.0
0.0
0.07949
0.05914
457.42574
8247.0
19.0
1273628.0
0.51481
0.80672
1332.0
500000000.0
-0.002
-0.26338
0.15266
0.0641
0.99228
0.007
16.2
0.07538
813.66667
3.76173
0.9
141891.66667
-0.10218
0.93586
140.0
-5.55556
0.01402
0.04661
0.19689
0.1688
0.15478
0.10347
-0.03219
-0.11433
0.3495
3085000.0
0.12995
119941.0
0.55057
0.1
27.44
0.14941
283.0
-0.10456
108.0
0.67059
0.26355
42.0
51.0
56010396.84
224.33
0.05303
3335.0
1.9333
0.03509
0.41333
4.0
0.57195
512.0
95.0
3.09677
1.11137
0.18519
0.15135
10757.8
0.45421
30760.0
0.58384
667.2
0.83027
1.80991
yes
20.0
2445.0
0.4879
0.43117
600.0
-31.4
277.46
1.20061
-692.0
1080.0
0.42683
0.03571
0.04762
0.5666
0.1467
3041.0
0.24961
0.00547
-6.0
0.19929
0.41902
27.0
0.17978
99000.0
0.22819
-6.18
1.51376
557563.0
495.0
11.5
122.4
1.2332
0.18065
0.17557
-0.33829
22400.0
186.2
3339.0
16461000.0
-0.12559
141.0
0.18497
0.8749
2.27374
no
-0.02469
0.03603
256.0
2096.0
155.0
1.0
269.0
0.52249
3.12903
0.36485
3.0
0.35
5.0
43700000.0
0.47673
0.37427
8.3
50.0
0.0048
125.0
1592097088.97
0.11852
1.13451
0.09028
0.27867
0.35761
no
0.27657
0.99119
1.67
0.69564
6898.0
0.10336
6197.35607
2897.0
62816.33333
0.15951
0.3
28.57143
141.46341
0.56997
0.2611
0.08411
0.6328
0.05789
750.0
0.6688
5.26316
19.6
0.08125
0.0228
59893.0
68.0
0.49724
0.77594
-4.2
6.7
12.5
0.05625
0.21828
2.21277
1.2
0.07574
47.9
0.56602
7.0
0.38767
0.19149
0.00203
0.19548
-0.04651
0.41274
0.14286
-0.06404
0.49568
0.71407
0.03838
262.5
0.11358
0.035
5.07955
0.55033
-17.0
1.8581
0.39706
0.2
0.45302
1.55949
0.35047
0.61199
30.0
0.37699
0.65312
25.83333
-0.07905
3558.0
-5.7
-0.54
0.06829
-0.01822
1.83607
0.07146
0.18853
72.81
38121.82741
-25.1
1010000.0
1.64062
11416.0
0.87
0.5665
0.1202
0.07341
0.5102
0.14136
0.81692
321.0
24.71429
-0.26013
25142.85714
0.21015
-18576.0
0.16
0.16915
0.29538
-408.0
36.60934
0.83621
3.5
0.49728
0.568
2.4676
0.37795
19.6
0.3497
0.13982
0.7
0.29384
0.82246
-0.14355
-0.83748
208.0
0.37803
23.83286
0.08908
0.22422
0.09163
0.63474
31367389.88
23.0
2664.0
-139.6
22.0
2.35
51.8
0.007
23728.05
6474791.52
2053096.0
1196000000.0
-0.01204
0.63802
0.94624
0.52234
192.64126
0.1159
248.0
0.03423
0.09701
0.45775
1.30912
0.00449
0.93407
184.0
536.6
0.13814
5.3
no
-0.18182
1435.26
7.0
0.38
0.1802
0.26667
17227.0
28824.07407
21.36893
-0.87241
6606.0
14.0
5510.0
0.2032
81.09151
-0.01712
-6.0
800000.0
0.15295
0.67114
0.23856
-0.05333
0.04337
0.66667
123.0
2.2711
61523.0
0.00719
19788.0
10576.0
no
0.41665
257.2
0.16295
0.25707
0.1269
0.16667
1.69
95.0
0.08824
-110389.0
0.61273
-0.16641
-0.27204
yes
41.41026
34.2
7433.5
1250.66667
0.05694
0.04467
0.52574
5.9
0.42742
1.26835
0.86211
0.05792
0.36205
0.11858
2.39583
0.09931
-0.3125
-0.18767
0.02022
0.37638
0.52872
0.12184
0.64957
289.0
0.24679
70.0
86.71329
8.0
47501.7
136.0
0.01701
1647.0
1660000.0
0.49359
0.4898
0.47419
8.08481
20452.85
-11.9
-0.15091
0.02042
0.07405
21.0
8309.0
0.01698
67.0
242518.0
yes
0.28469
0.23103
-0.043
109.33
0.0
2.35677
399.73289
0.38947
13.0
0.43452
0.21587
0.421
-0.69802
0.18166
1.02119
26.6
-278.0
0.01404
0.01803
0.11531
95.0
0.81911
0.04047
0.41181
0.0
0.02503
0.01004
0.15584
0.08192
-0.22546
0.11546
0.30952
1024.0
0.04494
0.01302
0.28173
0.01926
0.14595
778000.0
0.98729
0.37803
0.86301
0.26339
6.2
462.1
-0.59618
0.36471
0.2451
1.45531
29.0
0.02444
965.66667
0.53094
9021199.0
5653.33333
0.33873
0.38475
0.35201
-52.0
98.0
0.30682
0.28129
0.452
-0.21765
0.28319
0.12614
0.06362
0.62395
0.24245
7781700000.0
-23.7
0.18294
1439.0
0.005
1.98654
0.00136
0.23676
-0.05315
107.73077
0.8
-0.16304
2.75773
yes
-9.22
0.21856
0.53
5031.9
0.39304
4.59851
0.0999
0.58668
0.048
0.97734
0.39716
454.5
0.60376
-13.6
0.13874
37.36689
0.48148
34432.92683
0.35714
yes
0.19771
0.23639
0.03759
9170.0
0.26368
0.16584
11.1
159.1
51.9
38.9
79.0
1015.5
0.13067
0.3393
54960.0
0.08621
10089.0
0.81643
80.0
360.0
20453.614
-0.0753
0.47059
0.08566
0.18066
0.65021
0.49383
0.8346
0.44267
143.0
40252.26
4.08333
-0.00317
3342.0
0.22059
152100.0
1.9831
-0.44444
86253771.42
86.9
0.02336
2632.0
3.9
0.47097
0.67459
35188.0
0.68918
-0.2244
0.1763
0.87079
-0.05335
4.7
11.71429
208.0
2068.0
-12.7
0.54747
0.98533
-0.59536
150116.0
-0.25758
0.19876
41661517.0
0.19053
0.00608
0.0504
0.33037
-0.7153
38.0
0.08289
yes
0.96346
624.0
0.20705
0.15868
-0.3282
-0.05621
0.85613
-0.00317
3.95
-0.16826
101.81118
75.744
2.7
93.0
-0.15187
0.58621
2.0
0.01488
0.0
0.9818
355.0
no
0.37492
0.51119
152432095.68
0.1717
0.90147
0.92327
0.97024
68.0
-0.0372
-0.04817
57.7
21.0
56.69258
1962.0
0.05048
0.38575
0.23654
0.165
0.05336
0.07691
415.6
0.64857
56.52358
8872.33333
151.26535
0.1811
6.0
379.0
0.03297
8287.1425
0.60332
10.0
1.72851
1.90617
284.0
3.57717
295.0
0.05769
0.03966
0.98571
-0.42857
0.12489
0.106
0.04115
0.48
0.27368
40.0
0.76475
14.36
60.0
0.00157
12.33951
0.07423
7034.0
0.40678
0.55144
0.1989
0.00851
24561.40351
0.47075
1800.0
47862.0
2.23
0.2
0.05555
3.6
0.66495
-15335.0
0.23171
0.58646
0.71538
7.06
-216.0
5638.0
0.06164
120997.0
61.0
260.90909
no
2.91379
288734.66667
64936.8
247.4
0.44359
0.8972
2.33333
20.97
0.8699
no
12.0
-0.01919
-0.06718
0.74295
3.53825
0.39307
0.92222
-0.09091
0.07614
0.01643
0.2
-0.1147
0.54114
78570.0
0.42523
856.0
0.02642
-0.33151
0.7706
4.0
-0.03327
0.58333
0.74282
-0.21882
no
54.2364
2.5
1015.3
0.05821
-0.01363
-10.4
26737500.0
-0.1824
0.5125
0.3358
29200.0
62.0
5447.82101
0.14603
0.80822
0.1515
0.00675
0.07827
0.83621
0.28571
85.0
13632.0
0.67
1.19
-0.2043
0.02719
0.9
0.24954
0.69758
0.41718
-0.2092
0.12036
-0.00084
0.17722
35.625
0.9575
0.16667
0.05376
200000.0
0.13639
0.32885
697.0
99.1
2294.54
0.17895
14.28571
9.84291
0.21314
0.05782
0.1292
1.425
43900000.0
674138.67576
0.09788
404.0
0.76081
11041.0
0.73048
0.91481
0.03549
227.0
0.37766
45000000.0
0.352
0.5125
3.96296
yes
0.0769
7317.28
0.77068
2989.39394
0.18541
-4085.0
2.0
7.55
11736600.0
0.10507
18887.5
0.28961
30.0
0.47368
850.0
0.5
0.57143
-0.0801
0.0
0.2391
0.60162
0.24442
1.15
0.13371
0.3155
21831.0
0.11835
0.07433
890.0
0.75
1434.6
3421.0
23.03539
1.69231
0.65273
12.47238
0.18425
93105000.0
0.01938
0.00602
-7.9
0.26482
0.13151
1.4
404.5
0.92577
-0.20926
0.12711
yes
0.53623
-0.05443
0.77045
-27719154.5
380.95238
0.24278
0.0992
0.13082
0.04403
-2636.0
2.1875
0.11921
2.50335
152.0
0.44557
343461.03038
0.9296
0.04233
63.1
5229.0
-0.01506
0.99632
588.7
0.95056
3.18
0.12568
0.74
287.0
0.11765
464.28571
0.11873
-0.15453
2.38532
71.3974
0.18846
3362.0
0.52857
107.0
1024996.0
0.14871
410000000.0
0.06004
-886.33333
276818173.2
517.0
0.03435
0.35915
-1828.0
0.08744
881.59341
-0.0625
0.29694
7554638.0
0.085
648.33333
0.1232
-0.00331
8.0
6400.0
0.21941
3.38
327.5
54994.5
0.12527
8.6
0.00275
113.0
11.15
0.60294
0.51393
-1833.0
0.14013
0.28571
-0.02701
3.63698
0.87149
0.42453
1732.0
no
0.06936
-3.08
-0.13953
-0.58345
-329.0
0.47348
0.45069
-0.32687
-6619.0
4.96
0.1443
2369.4
-13683.0
0.92113
653.23333
-0.01308
0.01297
194.0
60607.0
0.1072
0.31231
no
226506108.33333
0.05514
25286.0
0.15486
0.67536
0.12857
182.0
11526.0
-0.05121
25734000.0
12.10345
0.21429
67379223.0
0.08002
-0.1573
0.63091
0.22834
73.33333
0.09723
0.61019
-0.60316
-0.07692
0.12821
0.00333
2458.3
39.78
0.86667
10698.02
0.1811
52.0
0.66306
0.47075
0.35788
0.15625
1.5
273.0
0.05173
20623882.0
0.04
0.12207
12234.5
0.57303
0.25095
0.1722
0.87174
2.11282
2.34258
0.04488
0.55512
-1.34769
0.65911
2.81
-22374.0
0.61573
0.139
0.09752
0.19481
0.28725
10282.0
no
20.202
6.9
0.377
0.36734
-0.04444
0.17496
1574.0
0.1005
-0.8534
0.85584
0.36923
14.06667
2087.5
0.025
400000000.0
-0.29195
-25.0
5.51613
1.06
2.5679
0.24444
3684.1
-0.09497
0.03
0.00533
0.1234
1.16129
4.13158
0.33501
-0.03777
0.39362
0.2619
0.52459
0.09804
0.87238
0.04196
0.11731
0.00042
99.0
154629.72
0.64271
0.28571
0.03114
3.0
0.09733
0.81372
0.11092
2.77575
-0.35394
0.02
0.19013
0.96386
0.10516
2.06658
-0.12459
yes
0.6099
4.28193
193.44
0.01872
0.03539
12.0
4.83378
16.13333
14.0
0.04221
1.75786
0.46231
3.75
9.36269
0.275
-0.00699
0.28656
359.6
0.08918
0.44557
1173.0
0.57559
-0.0296
-0.30263
3.0
0.97327
16.66667
0.31045
7100.0
0.22246
3.5967
46.0
0.19843
0.11778
19.0
0.09587
0.044
0.14037
10.0
0.36066
0.65829
0.4
983333.33333
1441.35
624.0
0.94624
0.37252
0.98595
0.09022
2078.0
0.39622
0.24747
1382.0
1.26126
-0.09491
82.1
84.33282
1.18182
-0.33513
434300000.0
0.17653
0.06362
15212584871.44
1.02257
0.14286
0.00115
1153.0
0.13292
-0.01613
0.0632
-0.04734
0.93939
16.0
0.18004
2.1761
1.75772
0.12644
0.88314
0.6831
0.43
0.95456
0.13131
0.03576
78000.0
20085.0
2905.0
594840.0
0.0443
45.0
yes
11.18314
0.21367
0.12438
0.1906
0.00737
162.9
-0.74661
14.0
no
78.66751
-0.006
0.07137
0.27082
0.05823
1.44778
0.183
-0.01946
16.875
0.80822
0.21156
0.48729
379.19681
0.08258
0.20541
16.69077
-0.1766
8077.0
0.20918
yes
0.12001
58227848.10127
-0.37754
0.013
66679.0
-6.0
19.6
2.75471
0.56359
-0.17468
0.43056
29.0
5.9
170.0
855.0
0.84433
4448.57143
141891.66667
0.65251
0.04258
550300.0
-590.0
0.21889
25370.0
29.0
no
45.7
821000.0
3.13333
-0.02273
77143.0
0.0581
-4.9
55598746.0
6844.29054
0.14738
0.33116
-618.0
1.48389
20.6
35000000.0
1357500.0
22.96296
0.33333
0.5017
0.04982
1.85
0.89533
2.10526
-0.30636
0.23305
0.76135
8453601.0
0.14522
0.55172
1.44444
2962.0
60.0
0.13681
0.01445
0.0122
21322.0
0.23181
1.01538
1200.0
-48.0
1.1915
-0.1058
46.75817
70.52667
0.07673
9238.66667
0.02114
7680.0
6.7551
0.09148
no
0.02632
21.66667
-0.19971
0.17868
0.79971
0.18401
13856.0
0.07434
8.40645
840535.0
0.24823
0.22648
468.5
0.17728
0.30292
95.74825
0.03288
10.0
34.5
-76.0
0.63091
599.0
yes
2.24162
yes
0.03125
0.42915
0.15263
0.02973
3.59375
4.0
302.0
0.07473
20.2
-1281.0
0.30912
112.86667
14826.0
4.75
2.973
774308.33333
0.71683
0.74333
79.0
0.74158
8450.0
-11.6
30346.0
0.04358
2.35
0.37746
0.30769
199.0
2135.0
0.92028
21.25
168.0
1.26923
8.1
0.85024
0.95261
0.97231
-0.15321
0.63636
yes
0.23546
0.46729
0.44581
0.45421
0.13043
0.1363
0.4
-0.2992
1.9
3.07
-0.00536
-0.00756
0.58224
4425.0
804.0
31250.0
0.51414
yes
4.51754
310370.02961
4.46367
0.50086
-0.0491
1.04615
0.02736
0.74
0.51064
0.20538
2.1
0.40541
0.20187
0.51535
-0.08649
1.2463
0.0374
2.5
0.16912
98.93333
170.0
5.4
0.38648
0.16667
yes
2.58462
0.68381
1.08293
2156.0
40.8
0.10831
0.32701
0.06
0.07368
25370.0
0.07583
0.82125
0.17143
9822.0
284.0
0.98246
0.95345
135.0
yes
0.69171
0.16702
0.09033
686.0
0.07171
8.5
-0.1
0.13518
0.09785
0.6053
0.13656
0.27437
0.19798
216708.0
50422000.0
0.53991
0.15217
-0.07328
0.8975
0.43351
0.25924
yes
-25.5
0.37984
1.8025
1.0955
yes
0.83077
-0.01
2.69
15.0
23586.0
0.17476
15.14001
122007.3
0.00736
0.03973
13.0
0.39257
0.27641
0.20979
1187399440.95
-28.0
3.04
59099.0
0.98215
yes
908.0
0.85496
0.23212
0.09807
0.33928
0.92624
12.58287
11800.0
0.15625
0.19058
7.0
110774.5
0.39633
0.00276
756.0
1.11765
0.1052
0.83411
1.75938
49.0
886.0
yes
-66.2
0.06385
1.27687
114.0
0.16
895.33333
183.9637
0.59582
-0.08705
0.08976
18.0
900.0
-0.06928
2003.9
23.0
no
1.33721
-0.5481
0.57195
160266.0
0.13661
0.32803
80.13
0.80403
-0.271
5156539.0
0.35797
1611903285.80285
3.55
8.5
yes
2.0
-0.09762
3.2
12303.0
229.0
2.25973
0.02916
0.67442
0.20597
0.03359
0.18519
0.31667
25.8
1.0303
39.5
23.0
0.0674
0.12814
0.40622
0.22277
0.98824
-0.0152
13.66667
-0.9289
0.40486
0.32692
0.01488
0.07743
8118.0
28.57143
-19.0
0.07207
42.0
2.0
0.59358
2116.252
1803.33333
-5.83
yes
52845.66
37820191.68
-1.0
0.61379
0.20275
0.34646
0.0
0.8724
-319.3
2.64706
127.9
0.87238
0.4753
yes
-0.21924
16.0
0.93561
0.15287
0.7519
-0.04216
-0.1875
0.26786
56.3
1362488.0
0.63462
5.43333
-0.2405
-0.0625
0.79042
3171794.87179
12474.0
1.03571
0.7205
0.5
8.5
0.07067
26737500.0
0.24706
-2.0
0.13235
0.13483
7139.0
0.90973
10.0
-0.58333
2000.0
0.50627
-73.0
0.045
80.0
0.27517
1264.0
70498165.44
25366.2
19.9
-0.63158
0.79897
0.14416
0.80221
0.16857
43174.0
1.01823
30.0
0.24945
0.80723
11.11111
14.5
263.0
yes
0.02318
61.0
0.30112
0.1259
0.5732
0.3775
73.0
42645.0
0.90769
1584.0
0.05021
0.07472
0.83427
4.03
0.54393
4.3
0.0373
51.60274
26.0
61.0
8966.0
-408.0
957.0
-0.0325
0.08485
0.7418
-0.15585
0.38889
0.08834
0.92039
0.25325
yes
0.09859
0.3433
0.73759
105.0
81.66667
118976.0
0.01417
0.65153
0.21977
0.13
0.42391
0.2152
1.13333
-0.01718
12.0
0.08929
0.90917
10.7
0.21951
159.1
27.0
189.31429
122.1
0.72704
0.80968
0.14738
0.3159
0.0232
454545.45455
809462927.0
0.96364
49.0
36003776400000.0
-0.0008
1.66667
0.95929
0.26062
-449.51
0.4
0.0603
0.89781
14033.0
170.0
-157.0
0.83077
-0.10112
1.91
11.0
0.21457
0.5042
10168.68
64.0
-53.0
-0.02
119.0
80.0
1.34061
1414.4
-179288.0
5126.0
1.06556
21311.47541
26.0
192.64126
0.54902
355.0
3.46747
7.0
0.68604
0.09083
-21.0
2.6
0.33168
0.18601
0.25993
-0.25239
41352.0
80.13
-0.0888
366.9
0.9
13.8
0.958
0.25848
0.36056
0.40538
1.00513
127.0
1.875
985.83366
0.03549
80.0
0.07178
32.7
5174.0
762.33333
1.08
-6.4
27632.0
-0.03126
0.12992
0.54
3.5
47.9
0.30041
0.13151
29.0
100.0
0.58224
0.07903
-0.13228
0.12229
0.21862
-0.24771
-0.13333
1.8
-6.0
0.02465
6267.0
0.04762
-0.66667
1633444.5
11.69
173000.0
5931.0
13225.7556
0.30727
47.0
3376.0
7305.0
0.11884
0.0913
0.49536
15235.07
no
0.66968
yes
2.8578
0.04817
0.01047
0.49496
1571000000.0
3.9
1.45993
0.76381
0.4457
144.0
0.08125
0.23181
0.05999
45.33333
yes
2.08012
0.50602
175899.0
196.19
1171576.0
432303.0
0.33138
149.2
0.67595
534171.8
0.05233
42.0
29.0
813.66667
0.40308
123.0
-0.02387
0.00011
16701000.0
0.22986
0.01785
0.38052
0.65189
0.012
0.1875
950000.0
1.11111
1.45507
-0.51902
0.7236
1338.65
0.56062
0.04023
127.0241
1749.6
1135.487
0.15208
33.33333
427.7
0.84211
0.17754
-4.2
-0.26923
0.28723
-1274.0
0.30159
0.05339
19972.62
0.33333
7120.0
0.12435
0.03883
2883.0
-0.58772
51.11111
1.6125
0.30145
0.24287
856.0
0.07827
0.08289
-0.28433
98.8
147.0
0.67254
49.9598
2.11269
0.28
0.37612
1905.4
0.91453
0.45
3.92267
2.35294
0.18909
1928.88
0.71564
0.14645
26.05
141891.66667
0.03559
18571.42857
0.30831
515.9
yes
0.13438
0.65644
0.98993
0.3776
272.5
0.60977
4270.0
8.0
-0.73408
3.5
0.48
38158.0
0.14921
1.8
0.06784
124.8
7.5
-128.0
0.03052
0.47597
0.29975
0.6273
-0.14903
0.04353
0.45052
-0.60195
1.293
0.027
0.2083
3000.0
-0.03219
0.58772
0.49927
10705.0
0.80882
-0.06914
22.42105
1.28343
11310.0
0.862
6308.33333
197.44
150.0
yes
0.94882
321000000.0
0.82353
-0.00628
yes
1.05556
12283.2
0.0
-0.05782
2.44444
45310.0
0.28129
346.0
-0.88571
0.1552
183.6
0.01307
0.4818
246000.0
385.0
0.75121
531600.0
0.14356
0.53599
0.33333
0.30622
4.4
-0.1573
23595.0
0.41493
no
8272.0
28.13011
2.0
0.21177
-0.36842
0.26357
0.1638
-0.0837
0.3
6.51679
0.1919
5.04694
no
0.01018
3715.0
-0.11349
74.0
-1080.0
0.01149
545.0
-0.2
3.185
1.2191
3.15306
0.09796
0.40227
0.15413
0.192
114.39432
-0.14641
0.22324
0.13518
0.9445
-0.7187
20.6
61.0
70.7
0.14912
0.13431
0.09
0.38342
428.65
9628.125
-17.0
0.2375
-8782.0
53.3
0.54282
0.11255
978.26087
0.55714
no
-18.0
no
0.48148
3.51807
0.06685
288.0
2189.3
1.52751
0.30769
0.68027
4185.0
17.85222
0.45427
379.0
0.40476
0.04463
0.01385
-12.0
0.37605
1.01823
-911.0
0.12904
0.65725
0.0256
-0.1466
1.87397
0.76939
-485760.0
68.0
57333.33333
0.4946
0.12934
-0.02294
14.83333
-19000.0
49.23504
4.3
-0.01364
0.0891
-108.0
0.35511
0.29622
-0.05
0.42663
72.74167
0.05867
-5.5
0.29669
0.85333
0.38477
0.35413
0.04286
0.43339
0.88973
1436.0
1.49655
700.0
0.27678
0.02447
0.11179
0.20574
0.23078
3621621.62162
0.57258
-5.0
-0.13949
0.32
0.00406
1773.6
42.0
0.01176
0.6
0.53849
0.14713
0.01888
339.0
2.42
no
517.0
17.97753
0.0
1706.0
0.32809
0.75628
0.6652
87.0
0.19293
0.32769
0.8948
0.07435
yes
0.73679
3.34978
0.09866
0.36634
5728.0
0.01385
-0.5
-921.0
0.91421
0.74333
0.54194
0.18154
34.0
0.05111
no
228.66667
0.65215
-203996.0
12.58287
124.0
0.00586
-0.25758
613009.2
77.6
0.52498
4.12
0.06349
1476.0
0.31337
25.625
9.57273
-2.0
0.19108
309.1
143.0
0.8028
0.69555
84.0
0.59749
0.03286
1860.386
0.08663
0.82906
0.19958
5.04694
25568.0
0.64646
10.7
0.3449
0.51429
3.75
0.23727
0.03549
308879.0
61.0
0.00727
1928.0
-0.15187
2959.66667
0.04199
0.06004
0.24446
0.41722
0.03018
5735201.0
0.021
0.08836
0.401
0.2285
188.0
0.02368
0.08051
0.10039
yes
5207.28
-0.58349
0.02525
7.8
0.04
0.3433
1.7313
-0.3099
0.66953
0.87085
0.28261
0.96875
0.59091
0.1214
0.43333
0.04038
1847.0
0.28571
-0.04288
1.46353
0.05
-0.01792
0.54
-0.10434
0.49483
0.09564
2.2
0.81578
0.02403
0.01
0.20849
557.0
0.79221
5.42667
0.48954
197804.0
20.0
0.19444
0.39854
1.78571
0.7106
-0.05101
0.42801
0.8913
0.11161
-11.85039
0.25989
1.26241
1.13908
0.1003
46.7
0.14136
1765992.0
8.70854
0.5647
-6.0
0.48474
10.38034
0.59749
0.09548
0.4949
-4.46
0.28574
4537.2
0.12845
0.16815
2.4
48.8
0.66726
0.31941
0.06266
0.60746
5838.0
-207.2
853.549
0.00448
5743667.0
0.69064
-0.04976
0.5088
745935.0
11.0
0.48858
0.1623
-11.0
1.20748
0.0
0.15686
-0.59522
11.5561
48.0
0.79687
0.76622
0.11249
0.57345
316.0
0.00032
0.98361
1.83408
0.5
7.4
34321.33333
0.67059
8.0
-1.03273
80.7437
0.22423
0.40037
33.1
1.5
-4331.0
0.26856
0.29458
0.10638
0.93522
0.0699
-0.07443
-0.78785
0.46876
-0.33151
0.90654
1.56589
1.0837
2.5
no
0.07867
0.05823
89.0
0.28571
300.0
3256.0
1.31091
0.12821
0.8525
0.29471
0.61765
60.3
10.53419
0.44155
0.76531
-1.81818
3.69643
0.13314
383.0
103679.0
0.06004
1.36724
-0.06579
-9.71
0.08418
0.07427
0.0
0.30172
0.595
-0.04971
64.0
0.1765
1.0305
0.11245
0.25565
6.37181
0.17143
1.0
3.82759
1.15258
0.33333
-2106.0
0.34726
47842.0
yes
0.4883
0.2
0.66516
0.18136
0.48966
0.19995
0.30895
4.3
6033117.0
19686.06
97564467.6
8.0
5.0
0.174
0.18426
1223.0
0.43339
409.9
2.02
18.1
-600.0
1.125
4.0
154.0
0.69367
0.07407
11.66667
-0.0637
16.99736
8.8
0.17021
8.45238
2767.0
3.0
12.1
-19.0
1.84419
0.80357
0.89436
0.47963
0.41475
0.21011
-4.5
yes
0.03235
-0.30155
98.18
0.02695
0.70495
0.57252
328.88889
0.08871
0.1436
0.73048
0.45251
17019.5
0.5
46.94737
17.97753
-96.0
0.11691
0.26685
0.05995
0.0253
0.16527
75000.0
242.8
11.0
7662.24
1513.75
-12.58173
-0.18551
0.38947
0.35715
227.0
-0.1774
578.0
0.2392
1.11538
633.0
75.0
2.97172
-0.6021
0.13816
18.2
23595.0
-0.18052
-1.78
0.37399
0.01058
0.01246
0.9296
5.28254
28635.0
-31852.0
253.0
1848.0
630.0
0.6
0.40984
-0.05418
686.0
16.965
0.24049
0.67059
0.16667
619277.76
2.1
0.8428
0.8304
1029.0
2.25
1.0
2.56667
-2.0
94.99
2.99111
0.1381
0.75039
0.26982
-0.12207
0.10319
0.00063
552853088.46
1.48389
0.01114
-0.34853
yes
2.35021
0.06667
5115.0
0.39271
12.0
66.33
274.5098
13.72727
250.0
0.84701
9.1
0.22353
51.77305
0.09302
0.39539
0.18357
14479.33333
1.14957
0.03427
0.07963
0.00139
0.2381
8.5
0.05
7020.0
9.63333
-2.0
0.6991
0.04252
0.02288
51461.9712
0.31324
-10.3
37014734589.92
0.82061
14.0
7748.0
yes
10.0
0.1057
36.9
no
2.38532
184.5
0.31119
-43.0
0.15323
0.61449
0.04974
0.77771
0.00105
9.52381
-0.0488
62.82051
0.03676
0.89197
710896.0
0.11145
0.15686
1217.5
2952.66667
0.16517
90.72603
2.59381
41.0
0.10819
6.14286
66849.7
0.26028
714000.0
124.7
1740.0
-0.9074
0.57656
248.0
0.0029
1492.0
0.14254
7.4
0.70067
498.55
0.27564
0.37949
0.6099
0.17313
0.62424
0.9
0.16026
24.96667
-0.02381
0.19927
53.465
-0.0215
0.39298
0.67113
0.31722
0.00464
37553.0
0.81522
2.232
591.0
0.16113
0.48
100.0
-0.03581
40.33333
-2094000000.0
8300.0
0.14394
no
0.15444
6056.0
3.12903
644.5009
145.0
0.15625
8.59794
0.21889
44.2825
14.5625
1366.0
68.8
585.6
0.05793
0.88212
0.0336
36.0
2.71233
0.00121
0.65301
0.23392
1.06581
0.13821
20926.12
-8.0
-0.01277
-11.8
45.35294
-222.0
0.15271
276.81817
1.28655
83.54571
1584.0
22.77778
0.29317
589.7
0.89103
0.86667
1.17087
0.01977
0.08918
0.23529
1.76744
2121.95122
5.625
0.0339
51.6129
200.85201
-0.1641
0.78571
0.02551
6.30861
301.16774
no
581.0
36.66667
8.3
0.3868
-0.01982
0.0061
10863.0
0.339
4.52811
0.05028
0.12205
no
-0.1953
-0.21641
23.02777
-1262.0
127.69831
5.0
4.22
533.8
-172.0
0.15228
4.43081
0.28261
0.33333
309.0
2.77586
4242.0
0.03137
0.47601
31.8
190.0
0.00667
389000.0
0.3976
2.33333
-124.7
no
0.015
-205632.0
6700.0
0.63846
23200.0
2224.86957
29.72
1.60719
0.10464
20623882.0
327.5
1.36082
0.59091
20.6
2.2
0.007
0.00734
no
4.18
0.43298
13.6
-0.09997
8.0
0.07605
0.38633
0.25547
0.26923
0.87529
0.29
142182884.0
191983967.93587
35.7146
0.11622
1.28855
yes
0.0156
10215.0
-0.6038
9914.0
0.0
205.40833
0.17741
0.42338
0.02395
-1.86301
0.23511
8.57627
0.64251
0.18
56.01
-0.07
5.0
0.25968
-0.206
0.22
0.9439
0.87348
7.0
0.01966
43.23
10.88702
0.53924
0.38589
0.23293
176.0
0.0347
0.05007
1280.0
0.61801
0.04463
383.0
587.0
23705.0
0.5697
0.8126
0.33252
4505.0
0.21952
0.58333
10.23077
-0.00653
-0.1146
2.75
1.65517
0.05055
2.0
yes
578.0
22320.5
0.34211
-7.7
0.22428
144357.0
-24500.0
0.16667
5377.65957
89.65517
16923076.92308
5.0
29812500.0
0.40423
940.0
35.6
0.55556
1.801
0.16218
3053.0
-0.21935
1.02778
0.71795
38.02
0.77193
8000.0
-0.03057
2.16814
0.7756
1.625
1.27
0.59585
0.01481
1.23077
0.24523
0.58066
48.09524
0.45811
4.08333
-0.07692
0.36154
0.23111
1937.0
0.7907
0.06302
146.67571
-0.04054
0.54579
-0.04844
0.00505
0.65672
-0.08333
0.26604
0.00212
33.5
0.64286
0.56199
89.19
0.0927
0.09807
0.367
117.1764
44.2
0.11551
0.33482
10.35
no
312000000.0
0.67494
2.35385
0.01968
61.0
-0.0142
491.0
166.9
0.68973
0.52454
0.04298
0.01005
35.9
-0.2509
36.55148
12.1
0.10805
5.4
3781.0
121.8
-0.4
3.37
12.0
1.2
0.04786
0.10471
-0.30841
0.2215
14.30757
1.19862
0.67391
2.80022
0.93069
16.4
0.03878
0.01124
0.32
0.03933
3421.0
125.10885
-0.0036
0.03676
154.54545
45.5
210000.0
38.0
0.86705
108.1
77.0
0.11509
0.08956
3376.0
1.94
-15.7
0.07059
3919.33333
0.34884
0.03458
3168159.0
-0.18442
2022974.0
10.35
0.7368
0.38462
20.0
0.31287
0.27497
1.28876
0.17906
222000.0
548.8
0.4
-6619.0
157.2
31903.61446
1257.0
-0.7284
85.46569
0.0744
113.0
0.33102
no
0.05
7.0
0.31325
-0.3735
1568.75
0.04579
1.43553
5700.0
0.5704
117.84
1473.4
9412.0
19.75
-0.01197
0.72964
-0.11091
560.0
0.76869
0.95926
0.02207
0.25448
0.09412
5.325
0.40984
6.0
1.06667
7385000000.0
0.9575
2.0
0.6682
0.61972
257.0
4335.33333
0.27835
13.89356
0.00912
0.2
0.39314
-0.09002
66.258
116.9
3.40615
0.22796
116.0
0.02273
0.0838
0.00971
40.0
0.26562
92.50108
0.69
0.05823
0.04599
0.60976
0.014
-8.2
1736.0
0.39534
0.12727
0.1607
11171.0
0.30682
0.311
8.9
-4.03313
-0.07466
-0.01
0.0
133.5
0.22883
-0.60145
0.06638
4.05263
129525982.82
0.13874
0.09592
0.11444
0.10818
16.0
0.06092
0.32857
817000000.0
-376.8
119.0
0.16
45.0
0.05502
0.41333
0.92638
27.0
-0.05034
283.0
7.295
0.32
111.0
0.26316
-9.0
649.0
1.97847
0.05357
238.1
313.4
1.54348
0.04345
0.5493
0.18542
0.30779
58.4
0.6627
-4.75385
1.14545
117.12
0.67859
0.26539
0.45
0.15801
0.05999
0.63195
2574092.64
-0.01919
14.5
-0.07792
0.05673
4394765.0
0.23032
17500.0
1743.0
0.92533
1.1759
0.33773
4948.0
0.30325
0.2264
0.36364
455.0
-0.2616
0.08716
524.66041
8.01
no
0.06383
0.13934
0.00503
1.62736
0.49515
0.3037
2797.0
0.81622
0.17308
0.16633
3.33333
3633.0
0.71526
-117.0
44.0
0.39293
0.85575
-2106.0
125000.0
0.27468
0.15666
0.03576
2844.0
0.05405
0.05823
200.0
160.22112
0.24786
1.32
251599.67
162.7
21.54054
0.02941
-0.74163
0.4902
-68.1
0.16935
0.19
12.8
-0.3206
625.0
0.03
-0.20719
0.0225
0.27179
19.9
1.7234
1.53698
0.1014
0.63855
2.33333
0.0
-0.06064
87.9
-0.5564
7288.0
0.28654
37088.88889
0.09788
4.0
0.10538
13549.0
0.58507
0.18337
no
0.16398
228.02
16.66667
-1836.0
183379.0
12.39
68.38636
431.0
13.0
20.926
11530.0
0.40604
24.8
7.0
7317.28
0.04701
-586.0
0.85271
0.10787
137.76667
0.16873
0.17087
1.78788
59054.0
1.05631
0.08704
0.05768
9.99
25.7
0.07331
0.6
6.78
0.11944
0.04117
0.375
140.15
0.10134
0.16175
3.08158
-0.01147
0.14358
26938.0
0.03302
0.46647
0.46206
9.0
53.1
0.38554
0.5117
881.7444
0.22917
0.09518
333.4
0.3264
0.35546
0.81857
-0.04268
3283603.0
38.0
18.59296
yes
0.21795
0.14037
16.0
464.1
10986.66667
0.6061
-0.03264
-0.42451
0.05007
0.23
0.3982
0.15728
0.48611
0.13462
0.31148
0.28313
2.66286
811.97482
297.0
-49.0
407.0
910987.0
0.0538
0.6
7.5
2.64516
0.67317
4006.5
0.01
0.0375
0.71984
-0.76786
0.81045
-0.248
-0.0142
1.76364
742.733
yes
0.09752
0.01285
0.89889
0.19473
0.43168
-0.33401
7.3
59.50667
-0.77187
931.0
0.08185
0.01546
0.09637
0.17845
3.0
99834.0
-0.97027
53.54879
470.66667
-0.01
0.14534
26.0
0.08333
2731.0
-0.04178
1.44138
0.28532
802.0
0.10941
60.125
0.44853
0.32873
no
0.36904
1095.7
0.11864
0.27702
0.01911
44.27273
0.42129
0.09243
87041.0
0.02075
11200.0
0.1907
10.27
0.30488
0.84338
0.02164
0.77898
0.06211
19101082000.0
1714285.71429
1.625
0.3
209500000.0
0.53147
0.0252
1.21766
116.84
341489.3617
0.67655
0.12034
28824.07407
-0.09537
18576.0
-296.6
14.28571
0.13425
5.42122
1914482.2
0.3426
0.36182
19237800.0
0.81873
-2.9
13.045
-0.3309
0.12293
29.1
0.5
44.8
62049.0
1.01584
0.03125
0.085
61.65161
0.20103
16959131390.1
0.18914
0.25325
-0.13278
1.96482
1.2959
1.65818
386.0
0.08
0.15721
0.10689
0.01509
0.40351
no
0.77594
yes
0.08452
6880800.0
0.49582
20.0
1.13908
1.02345
0.02848
0.09368
0.14733
0.21619
0.79747
1.77633
0.55319
-0.12293
43.0
1773.8
233.0
0.07713
1.4987
18.26923
7.8
809.74632
3524000.0
9682979.93
9.52381
7.4497
-0.11842
0.10548
4.0
0.02
9459.0
80.0
0.04046
0.07692
0.012
0.061
0.71928
yes
153.80241
4.16667
0.10329
0.02047
19.0
9500.0
-20.6
719.6
0.50271
0.20116
0.14926
15.0
42.7
-0.16095
497.9854
0.87349
0.37618
385.4
2731.0
0.38095
-4.3
539.0
2897.0
0.08
1215.0
-4.0
6250.0
11886.0
0.98571
64890.42895
0.64722
0.12241
2.86
1325.0
4.47205
86.0
0.0523
1.0
1.82366
810000.0
344510.86957
2.22108
0.03697
0.245
147.06667
0.01707
0.08561
0.63064
0.08824
1077793.0
0.62821
-0.12963
0.33928
1890.0
0.1411
0.91885
0.72
2.25
0.19231
0.26581
-0.02033
2953.0
0.17647
613009.2
4574.28571
17288.05
108.66667
7.3
20.97
27135097.77
46.67488
321.28514
0.11503
0.00602
0.16979
0.30516
47286.09
565.0
-54.0
3.64
0.25232
-0.96554
0.05576
15.8
0.69568
277.46
-389.0
760.35
0.57363
0.10116
3625.6
43.9661
0.2
-0.14359
-0.11467
943576.0
10.0
0.47582
27.73658
0.12969
0.34512
3311448848.96
0.37699
0.0076
0.36931
0.48327
-0.20091
-84.0
0.36926
-0.41681
792.33333
659916069.96
-152.8
95.74825
-0.055
-91.0
9.3
0.10345
187050.0
1165.0
1.3835
0.16046
0.01269
0.30202
0.05583
-72.8
0.033
0.10145
1.81081
0.30823
0.47357
359.6
0.57305
15.0
0.41275
0.06134
0.05556
no
0.01229
0.09192
10000410.0
205.07
-5.66
35.0
-0.05411
0.20473
3200.0
0.58537
2.0
0.68689
64.0
355.30057
0.11621
7.77
4.23288
0.10941
0.30769
0.27737
0.30516
0.01925
0.4744
0.66667
0.27437
1.0
0.08118
0.28
0.18147
1364.0
12.5
-6.3
0.87571
12236.0
88437723.0
0.12711
0.85333
-5.35714
-97.2
5495.71429
yes
0.03458
5.10176
0.5689
17.214
0.73426
-214.6
0.45455
819000.0
0.83436
198.9
0.90147
0.11667
148.27586
yes
1.67857
yes
-558.0
0.13027
2.82051
-0.04756
310.0
0.58423
48285668.4
150.0
-0.2695
0.14912
0.21977
1.21243
-0.18072
0.57058
6.5625
431.0
-0.04752
0.15361
0.2083
100.0
1687.0
0.91204
0.5656
170.0
110.0
0.73016
-0.04401
86501.5
0.6855
0.36612
-0.34435
0.19558
7483.0
0.76882
0.04367
0.25442
0.20819
85.0
4.1
-26.0
0.2725
0.09619
0.34884
0.19086
0.68156
2.71786
0.24344
2239101.0
0.76023
0.54557
0.0791
-0.16071
0.3783
0.31818
9.0
0.19512
46.49
0.05
62.63
16.0
34.228
0.25541
0.79246
0.68368
-0.01863
1768.0
0.30828
464.0
16.3
0.11765
0.13782
113.0
0.16517
0.78518
-0.0332
0.04196
0.49266
71.91
5997.0
0.16667
7.0
0.00689
8129.0
0.27941
3.33333
0.10983
0.07229
0.23856
0.29114
0.00513
43247933.22
0.06524
0.20422
0.76381
1.71685
-4951.0
0.28458
0.06217
0.01532
0.73443
0.55987
0.83648
0.10941
-988.0
0.01515
0.31451
0.625
103.7
0.38793
-1.00692
-130.0
870.0
-152.0
0.09493
-12.0
4595947.0
-0.04545
0.00307
0.07424
1.08781
0.03393
0.14103
0.04394
0.65
0.01399
0.28449
-0.04039
0.05028
0.00763
716.0
0.21962
0.09841
0.28665
4.0
0.00697
0.23229
0.23636
0.09
4.83514
1883.33333
-8.0
0.31632
0.64165
37.0
-0.024
0.5
685.66667
0.01939
0.22257
0.07927
-3827.0
0.14113
30.6
111.75
13.52
0.06331
85.0
0.43522
0.04687
542.33333
6664.0
0.40175
61000.0
0.1073
0.13303
0.08027
0.87774
-0.20541
5.0
0.09737
92280.0
0.10997
0.08454
0.17106
0.12341
0.79562
0.34726
0.22785
203.0
181.24
64.0
0.33989
0.78
0.40678
0.24047
0.27586
53.0
138550.48
0.94719
4871.0
0.52348
0.08454
1.5288
0.65886
-0.20481
13.0
0.10417
0.35953
0.56962
0.07296
5660.0
294.6
0.5
502.0
377000.0
80.0
0.69405
0.71057
-0.3467
834.8
0.63224
841.5
0.70339
0.72824
1.7
0.26914
10.5
691.66667
2.33333
5080068.0
0.079
-10.0
0.17348
0.19537
75.0
0.48442
0.77235
0.01067
0.36531
0.65906
0.21826
-0.2
3.8
71416.0
-18.0
0.11715
0.33333
2.05
-6.0
0.08527
0.48325
15100.0
0.05262
57.0
-0.00786
0.26294
839.33333
0.22364
608538.0
-1580.0
60.0
4.75
18.0
69.0
1210.0
0.06715
0.17204
333.33333
734000.0
56.66
35.8
3783.0
-0.0206
16359.33333
507.0
6.75163
282000.0
0.2235
0.27211
0.24312
-0.02015
-0.01692
15.4
-16.0
-0.6202
0.75688
24064.0
33.0
0.98113
0.14031
0.84508
2.319
0.94636
-0.0562
0.06263
8.0
0.89838
0.18936
84.0
17966.0
30.0
0.75627
0.01333
0.57967
0.14667
759.0
2.43178
-96.0
1.83333
0.50868
0.14769
0.34994
2198000.0
1.89307
1.43429
0.211
0.65478
21.0
103.31
402.0
19.53191
0.09475
0.01432
0.49932
0.05
0.03581
0.07141
0.46056
21334.0
0.36104
-0.09143
0.34824
0.25161
-0.02355
108.0
-0.27866
57.0
12.04641
942.0
-69.0
1.02915
0.11852
-0.34648
0.18601
34.05
12216.0
0.30769
0.14976
394.0
-0.02602
0.13568
18.0
0.69231
0.25987
609.0
0.06374
0.60362
181.66667
6.69231
0.0597
0.04367
2.12465
-3179.0
-0.28211
0.16667
82.0
0.58621
0.1473
0.24048
0.1619
0.1401
-394.0
0.06742
0.1704
0.18112
0.24501
-0.37576
9.26
2.21354
-0.0313
8.3
55.3
-0.00397
114099.3
-15777000.0
0.0
0.04247
0.1655
48.9
33.25
0.07273
0.06867
1.5226
0.13333
0.68508
19867.0
0.21517
0.86541
0.04996
0.69405
0.6877
0.08159
664000.0
0.28485
0.14494
-0.23364
0.18576
-0.5
0.31917
0.22513
0.15718
0.38462
-27.0
-0.27706
0.4
0.33483
0.50059
0.91667
0.68531
733.25
0.56973
0.24719
136.66667
288.0
0.16462
-0.1875
0.7
551.0
224.57565
-4.0
378.7
0.24344
1023.0
101.1
651.0
1.776
0.05085
0.533
-28933.0
-27.0
0.11852
0.12689
1.45556
0.12169
0.16
1753.0
0.56609
0.25063
-15803000.0
6.12805
0.86747
10.41
7.26667
0.20979
-318.0
1.4386
1.55
0.24015
0.3265
1.31373
8.53082
0.1282
4523.0
0.24199
15.5
24.72
0.99305
-0.99867
6.4
0.2582
45.0
1.23529
-0.00051
0.04961
0.14569
-0.02015
0.17749
0.00551
107.2
0.11595
0.32812
1.19361
147169971.06
5399.0
0.71608
0.11247
36.0
1628.0
0.43137
0.11563
-0.14
901.0
0.27913
1.45792
0.08212
2.625
-691.0
320.5
0.04618
0.54248
0.04094
0.24217
20664.0
0.30857
-0.03636
1.04367
-535.0
0.18182
2.54545
0.63689
0.09103
21.41
0.08571
0.02344
0.2497
0.1403
0.16505
26.0
3061.0
-486.0
97.497
-34.0
0.45443
12.1
131.2
0.06406
0.13568
0.13183
551.5
0.21478
1747.0
6.87209
-0.0493
3.31818
0.16952
0.01199
0.4
0.34094
0.533
-1.0
-44.0
1564.0
0.20238
18.2
0.25044
0.14587
-0.02101
0.17872
0.10799
58.0
0.8091
8.51735
-13683.0
0.43845
4.61692
0.08245
2.60192
0.13632
0.24039
0.19488
0.49206
1.73333
-427.0
0.11233
0.74013
0.15112
0.3626
0.09187
2.32493
0.09836
-0.09756
801.33333
163.1
4.5666
77631.41569
-0.12736
0.9447
121.09375
-2.0
0.05556
3239.33333
0.24015
1.10732
0.03659
0.41654
0.4
0.28943
0.09618
0.24873
161.0
0.02893
4.5
0.6467
0.15323
0.09524
0.18043
0.17824
0.45217
0.92371
0.01573
0.09524
-0.00942
-0.0092
-0.01449
0.038
0.11518
89.0
3.80556
0.13024
-0.0597
1768.0
2556557.0
0.37463
-4.0
0.09838
0.72414
3.29962
0.09615
0.29081
4.42857
562.0
0.14286
0.29912
150.18
4369
-27
12.76
48.5
49.45
7
-0.6
0
58.86
1248208
-0.31
-703
9
-69
0.5
10.72
0.06
206.7
7.36
109.9
221
8.25
34.21
527.7
1323.7
22.9
90
-355
2
201171
-52557
-613065
11.76
14491
88506
1660
273
266
53.01
28.13
52.91
-57.83
25228
26.84
-50000
15.94
10.84
-0.33
-10
-11.98
-42.34
-9.17
-26.2
2007.14
1.73
3.88
-345
-0.45
575
15.6
150.18
0
16.76
2786
108.61
22.35
-8.1
-40.7
42
-346
775000
2528
11.72
6
-8
7.14
-26
-3.01
-2.99
50770
1.73
-2.2
1.11
-0.07
-36.27
0.16
2.28
3.68
0.72
-18.75
142
-5
-13.89
21.6
13787
-49.25
55.85
2.55
1.3
38.6
92.81
217.85
106.46
1393
4634
22
-1295
12.32
680
-4293
-73.07
-12.67
-16.03
-18
5580
6393
9.99
94.24
62
-257
-7.91
-64.04
-99.05
-36034
-12.97
30.98
29.55
43.31
86002
-11.22
-5.51
692
492
426
6.94
10819
30507
32.15
34
72.5
20.57
-1240
-5500
-94.29
0.4
50
0.32
53.48
90.87
4.9
-1237
-901
73.87
3749
2286
-221
46.2
80.07
18.47
454950
5446876
52.65
14.88
465779
-15422
22345
33835
0.08
2
1.9
23.17
-92
-61.13
15
98.3
41.69
12.9
21.98
1237
11.7
3.27
1814599
-1.85
31163
95090
100.09
1.32
81.14
90.7
17.5
10.91
3673.6
-77.29
-70.61
-5076
-5257
-147247
-2.06
-55.83
68
1.59
-3210
288.61
90
14.88
1878
33.34
5619
5.45
5.38
8.02
-55.16
-34.12
-86.84
5148032
-6682706
-2.93
9
18500
2
-1
39182
167917
41839
4.38
32.8
16094
1142.18
162435
46283
-785121
1256.29
92500
894951
4.07
82
37.96
0
10.53
83
918
1145
-1117
6.82
7.89
44.44
9525
-7273933
761
66.71
81.17
610
7.2
36.01
-1.47
736
4.63
-14
-47.1
5817
31.09
58
-17.93
-0.07
8655
23
4829
0.9
-12.67
1.2
-1011
0.18
11.85
4.92
30.33
2.13
20417
0.16
7740
1.6
152.71
16533
15097
18069
122.73
0.99
-191
635
64.4
37
0.3
4760
15996
2.01
-6.9
-25.09
-1075
-286
-139
1.4
19.44
-4152
2052
5961
9246
-0.32
1532
-4942
68402
19.2
5.32
0.3
76.42
-14.07
700000
51
-21520
-295
10
-16
1969
6.11
27.59
17.58
2.56
-13.25
-441
-2.4
-18.6
9910
-28.22
171.78
111.42
-3.6
20.46
106.81
106957
10091
15.95
253
11333
-22.42
-65
40.89
1
45.71
-8
56.94
-3924
36811
-3
340
-31.93
-26
-28
21.1
926
2288
964.58
1937176
-1088602
1.42
423.33
7652
10022
0.14
0.2
1.87
0.84
0.05
0.12
-4606
60.05
-66.76
202.28
79480
61.84
144.6
0.8
0
-791
0
1.23
-13.73
-0.4
100
0.49
542.89
83.05
-47329
-149803
-13
-6.16
1412.5
51.4
13.91
5073
42.31
1.5
12
6.8
34.17
-1.1
-1.4
32678
-1.1
-7008
0
-27.91
640619
599.44
-77.88
71863
265
9.74
1597.21
-17.1
0.4
0.6
129454
70.89
2895.5
1.69
-203.9
-0.2
-66.67
2.5
-35.43
-0.1
-5.56
52.1
43.42
54.35
-71.05
34.87
22.22
13.73
131
1.3
82.61
6300
15.62
-107630
20.03
50.38
100
48.07
0.11
22.34
91.21
4626
224
11514
10
14.08
0.15
2
60.98
0.8
189
-62
-6.07
582
-494.98
0.24
4.32
412
196941
29.56
45.05
6.6
67.9
894702
2506278140
21.92
20.95
31
1.51
126947
27.73
-3
-76
-82.43
184416
101122
16.2
16.3
-17.32
137.5
0
-3
863735
51.57
67.8
55.8
203
139
2.89
63
145.61
2.57
98.26
-272
-1870
-17.71
596
6.59
24251
162
70.73
47.3
2418.2
46.17
11782
78.94
-10688
374.09
-56.5
-25.32
-27.8
517.5
5.3
2231.45
1459.7
84.81
0.17
79.62
2171
-50
-5.15
24.1
7
1108
1310
81.9
0
1.18
61000
-631
-2615
0.29
12.61
206
107
10.15
7.91
316.6
21.55
24.9
0.6
-13.07
78.1
5.26
-15.8
-291.8
-37.5
-37
-77.08
-1223.3
185
972
-250
-447
0.15
2810639769
14054
5
7363
53.57
1800
-85.18
-100
98.78
625480
81.44
-0.7
-3.1
89551
-19774
7.78
2
20
3389
-0.26
18514
41578
26.49
17
692.8
96.97
9.79
821
18.24
1213
1163
53
-22.95
0
17.87
0.54
514435
7744
230465
4
4.94
2314
-172
537824
-3019043
3
57.66
19.55
5127
-619
3.3
2.94
-532
879
81.15
169
1395
37.14
-2712
679
3309
-0.3
-12.5
-1.5
0.4
8.51
0.7
2060317.49
13.58
6
-11
7
27.27
121912
9.35
5.8
50
0
-7.14
1407
7.69
49
39.81
795
23.2
11.09
52.64
-13983
8
28.57
10.38
-16.67
-3
2.78
-4268
-940
374.11
0
0
-327
964
12414
10.81
1205
6.53
-16.81
62.93
62.88
42.86
-249.9
-98.9
36
276.92
828
2286
11
28.69
-22.46
3740.74
36360
0.97
0.27
0.2
147
47.46
27.62
8.52
75.58
24.42
75.22
-10.1
413080
450
-79
106
5
55.29
21.15
21.57
96.47
506
3.41
-2180
-493751
9487
20.46
100
15.98
-58
-2.23
821.05
6
-15.38
-41837
300
38949
13.17
-0.87
0.12
837.7
69.64
30.51
36.9
14.52
-106434
-23.01
82.51
-74.98
-876
-20.95
112.53
242.5
7.36
78.41
91.6
14.95
-6
-177
-25
51
304
200
-8.76
-6.13
31.33
50
-81.4
-50.03
238
2.6
9.75
1.87
945
9.91
21.77
9
2.56
0.4
2.72
12
-15376
-11582
-11.71
1340.43
1.76
-4071
-0.2
2525
8653
48.62
-35000
-622
-4.38
-11.66
-42.82
57.29
-16.69
460
4.58
207
122.82
59.18
345.6
3.76
175786
24360
2
11.11
-73
-21565
-9005
-59.37
510.63
2.21
486.1
1236
73.05
37
-14
83
-18.69
70907.79
-3.09
-293
50.93
9
11
-0.5
2.18
0.3
-4.13
665
7204
14088
74.01
81.5
67.63
9.76
-14.09
-17.88
28794
26.65
482100
-26.15
-98.51
9182
1.47
2.08
38569
72537
53.48
-833
6.16
-3548
0.24
661
92
0.33
-0.18
-4.04
25
174276
2583
4.24
-57000
-70.07
4321
10.98
-29
6
-340
30.9
57.54
50.1
0.7
8525
1750
25
-7.91
45
0.27
56.77
98
2.54
50.94
5.75
0.83
-0.3
-0.6
172
4.9
12.37
-511
-616
-20.9
-7.18
-7.58
104.75
14859
0.1
1.5
-3.45
-0.2
0.3
1931
1.29
20
20736
4.92
319636
100.19
2747
25.6
11
66.27
-56.7
73.3
-993823
10.92
4.5
22.68
257368
256778
-21.2
3638
4718
26.48
-0.15
0.14
0.35
-539
-7.64
4.9
0.9
2135
1386
379
28.5
22448
8825
0.9
13691
2
50
18.42
37350
167424
20988
2
22.49
15.8
680280
83015
-8.44
20939
-45
-1101
-229
6.34
6575
77671
0.26
1488
2076
-24
-0.6
-13.33
17165
681
494000
4.18
273.37
8107027
362
86.09
-10.78
-1.78
-11.51
0.2
2
0.26
29.15
6033.3
3
33.67
-64
51
-181
-135420
47.2
-0.6
127.36
-0.3
1087
-10.49
67
465.23
18316
38.51
218749
10.12
5.58
-189758
-263725
49760
-1.2
-0.9
754.17
-13.19
-2.29
3842.6
640000
239236
684028
223
-71
-27.1
-25.75
-35708
44302
45965
20.82
30
-10.2
30
193.33
24.3
209.09
1843.8
1688.7
5.57
0.88
40
785
1726
-34
89
128
3370
-8.59
7.25
2
25827
39.27
-255
485
28454
440
-115924
-30.66
-13.4
-11
0
-4.9
25.44
-8170
155.49
-2443
0.23
-91
120
85
299
710
4.7
-4.65
87743
21.3
-25.93
0
-35.5
1955
380498
0.7
111756
1932947358.97
8.2
302695378
3937
-56.5
-25.32
52.3
36.1
703
712
-1221
1874
11
-75
0
8.85
18.97
122.2
6469
4.54
1520
-224
-92
-7.22
16100
-1.39
19.14
1187739
1122
5.75
162.13
0.54
54
-7
14.29
-2
58
-17.93
-10273
-6947
-17220
257368
257513
453
-13054
-19.8
138.2
62.4
34.72
3881
64.63
-4.96
1.3
4.87
-55653
27829
3797
550.93
38653
61
9.4
147
151
590
549
48.8
331
5.7
387187
98513
6.79
139
2250.91
7
218.75
3
34.07
-17.75
-56.41
2
-1859
14436
145.26
205
2110
1.3
43.33
48
158
643
12966
12681
28843
29122
2.11
0.6
56.6
19.4
-4.08
-62.5
6790
747
8.88
30640
2082
20413
-67
-235
279715
44086
213.2
-278.7
733.77
67
-1893
7.56
174.1
123.2
272.86
17295
11709
101
601
2.81
-435
-16984
2348
6.67
-6.9
-6.25
4513
-423
207.73
0.7
742349
74152
13500
661324
-3597
41.18
75.11
2292
-697
146819
145.48
12333
14.9
1.5
97.91
92.6
77
5.33
34.99
-15873
21715
-32.35
6.9
-46097
27.49
231
260
11753.8
13
2.41
9.21
30.47
14.86
2.07
3161929
4380659
0
-512
2.07
1.19
38.34
37
-3
-9
618
24.59
168
22.34
1233
6
100
1
23004
-378
40.08
21.49
0.03
26.19
-8997
118.46
1215.7
56.93
103
9540746
437689
5.3
4.29
98
-72
47
-64.74
-44.44
12.9
2.58
7
365.4
94.23
-1407
88.41
25.45
33
47.83
1407
18.12
25.78
-7.17
-23.46
0
-19725
-7.3
-31.25
112.53
149559
54.91
68.95
96.26
66113
45.73
0
84824
70.89
-15
-11.54
-58
32.75
2174
546
4.58
-160.5
-39.52
-36
887816
77.99
819.84
5.33
8
29.27
36342
688630
724972
90
26
4
1.6
1444
308
432094
8.64
8.47
-44
-193
-0.19
149.68
53.5
680
16.11
26397
-0.32
3980.6
1503.4
36.92
64207
203.82
33360
-18.1
86
1085
-6.23
-6
7.2
1.74
3.5
39.49
115
82.14
2232
630
44
0.85
194
-31837
-26.11
84.62
0.2
166.67
891
150
-463
2165
-6.19
-7.6
-85
1.37
212
134.18
321
-1
14.43
1
0
-23000
-8127
-14873
-2
-100
20550
166405
-415.7
45.3
33.56
2.9
3.57
4369.6
41800
27.65
40.55
93.81
-238
-4.54
76.89
148
-413
80.94
1072
0
3.39
-0.39
253907
2071.24
69.39
34.9
-122.5
9.13
69445
53.73
19.55
-0.1
-6.25
12.29
7.69
643.1
8882
-7737
-272
15
1
65
-96.55
414670
2.39
-7.4
-28565
7.55
6.88
29
-3
4
2
49
12616
14804
1270
955
1.84
326
78.45
23.75
79.33
-39.15
2
19
-14.94
16
2.12
12
0
0
0.95
53.08
25.49
31.6
-21680
0.03
-6
1213.33
631
3644
3379
-7614
-17.58
4.3
51.4
437.79
-1633
-1.9
297000
14.7
-18225
-146.15
22098
-1278
-52.11
0.47
23.6
76.4
-4400
596
1298
192
333.58
9279
7.05
-109
-39
-5.34
0.32
7132
19.67
-36.76
-35.51
4.84
-12.81
-32.57
31.36
4122
90.24
3356
22.03
-117
4358459
45.15
6.67
2.7
0
-8.2
-1.84
557.14
-2444
28804
57.86
-0.3
382.14
-589
39249
-301.05
-120495
-36.96
296
-55891
8.5
6928
4.1
100
8.9
13.28
-383
712
-509
1.7
21.44
3
35610
-8.89
23.19
3915
2441
367
-2246
-3298
0.25
2974
18928
280
131.44
-27670
-0.72
1317
-52.78
26644
9.8
0.16
2.97
5.17
-1.15
8747
28370
0.58
54.47
49.74
1681160
88.33
13.21
23.89
6.4
554.9
192363
181.49
-239
5647
11.44
1383
-1247
0.4
133.33
-2395706
33571
-335
5948
-46.34
0.1
32.45
0.3
18.15
188.87
-28.41
0.32
0.11
6.8
11.72
-301
83.45
198
-8.78
3272
2268375
792625
8.53
115.52
35706
11365
5284.64
1242
29288
2458
0.18
595
-99.82
871
-15
59.45
424
129.87
-2695
-5.4
-17
-633.1
-46.66
110844
94.45
9495
18138
1763
32.4
47.92
49
2079
821
1077
10.34
3712
30.5
2594.8
1842.8
5.42
-826
-1.92
111004
0.16
5
14.71
289101
-501336
-406
-44.81
5.41
218838
-6821
-33
175.87
199.83
61.87
11.88
6.33
19566
-17.1
85.28
651
2.79
159
25.35
-118
-42.29
247.56
52.95
-26918
574
7.04
139
11114
8.26
0.27
17.74
-11120
64.69
-930
3
5.61
71
376.2
136.3
122.22
0.6
85.71
10.77
89.23
0.8
0.8
-0.43
109.46
382000
-5.13
11.6
5.55
0.92
5.15
270.4
26737
11.04
-12.45
-17
-84.51
1254000
-32.67
0.1
-22.32
-2.14
102.81
86.34
124.73
1049969.25
59481
1.4
0.9
123642
175805
219.26
4722
53.42
5.5
-643
-17.59
72.92
25576
69.71
-42002
0
0
2
54
7
-2.2
-2378
0
28.85
-5398
-40.21
298.08
0.8
-12462
600
201.2
-131.42
-12.37
20094
2
5.13
98.3
41.69
15190
12327006
31.73
33.76
-40.58
-0.5
17183
11974
-346.35
0.1
50
-17020
2876
33.15
258002
1.47
60
76.92
-42.06
54.4
-37.56
8.22
26439
10.59
87.43
311.28
0.58
110.1
-3
-1
30
-219
-3009
39.1
19.4
-2.15
4
12.2
2
9.52
-1
-33.33
924
-169
63.05
2359
7.34
-11.39
1.6
37.21
154886
56.21
-0.2
-16.67
-0.25
0.1
26.6
15.55
1.42
256.63
-10682
-5.35
5.78
-19227
807
328
16903
15460
-40.12
47.51
30972
25.57
338
5.9
0.4
5.5
-20.1
-4.45
-339
-11.03
1697
23.25
5469
-14375
-0.2
-13.7
-58.75
-85
0.9
69.23
-0.7
25.11
57.56
0.23
5421
6276
49.91
23.55
231616033
2
50
-117082
2342000
1735000
63000
7.87
21.97
97.87
-14212
86.77
4138267
2951786.37
57862
-8.41
9
33.33
278
-93
15.97
222
7.49
177.93
307480
4.66
15712
626
1072216
0.35
59.99
16.67
59.99
0.49
-9.82
-53.19
1742.7
65132
1274
0.5
3769
0
0
1.21
-41.71
0.16
13
40
26.35
-4.72
35.46
4450
45.06
1502
1719
54.64
371
833
-83.7
49.7
13.51
-131.58
-1.4
-390238
7.68
25.59
-3398
-3469
-713
-671
2.56
33443
5.23
6.01
8.63
8.24
20637902.1
2298
1.47
0.69
0.74
1234.5
39.35
84000
157850
-108
-165
133
23.09
3098
-2.3
2288
923.86
-22415.79
1207963
3200
1648
24634
2170064
5143132
19.06
26.12
2.52
-425.2
-343.5
18.06
613
2073
180.18
74.67
92.74
-11.81
-32.48
-28427
1921
-74618
1160
-827
1294
10403
-7091
1482
8.58
0.9
-17.9
3
85.6
-40
-4.55
7.84
16.12
2650
-14102
15.63
-109
-4.74
64207
8.13
-52492
25.94
-63755
41226898
23
0.63
1489
50.09
65.52
2.72
1.59
4691
7.39
16599083
230483
-31
-37.59
-2775
-55.58
8
12035
-67310
28.87
-28.1
1.7
64.71
1.1
0.4
-1623
4071
11.26
245935
-14411
80.56
-108047
-6.65
6.8
34.17
1680
9.19
0.2
7.41
158
20.82
0.9
16.67
-6.2
29.8
120768
133.8
1338750
854
45.23
11.46
20.32
15.29
498
0.57
9011
96
-406
-1198
39.62
18.85
-9679
44674
9.4
85.45
-15.4
1.6
51.61
189481
96445
-1.3
-17.33
0.45
99.74
79.45
-5.02
40295
20.51
42.11
0.22
-53
42759
8702
58
29.59
5.54
0.95
3.62
-352
-9.22
-8.76
-19.16
63
1.07
-1
10.23
15.6
394
250
1500
111.81
145
46
1054
174810
70447
7.57
36.1
-84.62
25.5
-117
6.2
3076
4411
27.23
27.52
26.9
16.41
6145
2639
52.63
0.93
1.05
-3.6
-9.63
-1
-2
62410
67978
13824
-106
139
419
-3.67
-12.85
-54.83
-87.15
234
0.15
61.4
198646
341
74.6
8105
-2185
5758
91254
79.21
-510
22.26
358359
55.04
17700
31.95
25
-38
168
2779
-1021
37.46
-14.56
-100
563559
596
139
68.62
0
0
11.27
-15.41
2.49
-2882
-48
44.22
44.97
14.31
165.2
5382
43.1
-4
13
7.38
2796
0.02
0
0
27182
-43.86
196969
-308
-38.84
29475
2.26
12.2
-6.1
-498
-381
26.68
2628.1
-2.7
92.94
2751
1.45
73581
-1862
8471
89556
21500
-13.49
34.01
21.45
25.4
8858
-18.36
1044017
17659
6175
23.24
0.12
1480.8
-1
-0.6
63280
90471
42.02
155
-83.13
-31
-40.94
10.1
0.46
7.97
6116
805
24.77
224.67
6.67
486.08
-44.5
-0.9
-9.57
0.11
0.04
5.06
-295
-13.8
-1.32
-35.96
4
43
13.42
21085
6338
2.1
15.67
1.36
469
215
189
-106
-39.05
1
3
10.89
-29
-3.19
-0.01
14.14
9.48
8873
-52.84
-735
-230
-23.1
-15.22
10164382
3255
11.87
5.05
-4814
220
30.76
1761
3
11.11
105960
-194.08
-743968
-6.72
-120
-43.33
-20500
-73.66
25.3
15.75
-54662
-36014
72.47
65.15
186.24
511
557
-1313
109444
-3.61
0.83
57094
241731.98
49.35
2952793.06
504
30685
6.74
48.31
68.4
57.93
-41.95
147.4
66.7
216.13
8
5
8.33
1362
-16.45
560
7.49
-1.1
60
60.6
71.6
-1747
51.81
86
186.52
12978
2500
-18398
-72.11
31.7
342.8
230
-33
-26.32
-494
47.58
-43
-1.5
-14.21
150
7.68
1.03
139.39
-37
438
-14.7
-9.6
2.9
12134
597502
8.56
36.62
34.94
620000000
0.66
155
-20
5.75
165
-75.48
0.04
1.13
0.01
28.93
71.07
1979
-48.1
0.47
-183.7
-55673
-144.57
5
12.36
1262
698
971
637
796
-35.89
-29.46
4
6
15.1
16048
63.11
-39.29
5.32
-47.17
72.9
789
-15170
-73.66
613
-0.6
-11.86
805
0.5
1.4
166.67
-204
173
499
36.6
6.08
2601
14.63
200.7
14.5
7.44
11.88
-86.4
0.15
-65.38
0.12
-38806
773.67
46
33.38
-138.54
9.86
33.33
137
3041
-71703
121
424942
22.68
4.94
1843.8
1688.7
34.5
-5
-8
25
57
183
343.33
3.81
-3.62
8
34.4
247
111
86.15
-1
120
-16
-26.67
96.88
2.28
-30152
-7890
-12.51
-4.6
759
-50.02
0.25
10.64
-93014
0.37
-371
651
-7.04
-4939
-126
0.05
0.51
2852.15
8723
90756
1708.8
41.1
1947.1
3396
511
4.09
2
80.02
14
29.04
21.78
18.68
22.2
81.68
-12600
1919
3780
22.87
670
61.13
1509
265
2630
-1
4.9
93.75
-4820
-7272
-100
82.64
-16.37
-16.79
2610
218.48
937.4
5.68
12.25
-10.81
145711
-27249
152.69
-10
-6.45
-1.5
2.75
-5825
-4022
-91.72
4.6
3.9
76.88
2
327
14845
-17.8
-12.29
0
-4270
-16
-0.01
-0.02
14842
-3.22
368
11.63
655
71.51
33.7
0.83
0.82
49264
158212
-10.08
1127
758
25.76
3066731.34
2772
828035.14
0.82
450
2
117.65
-70145
-63
852.46
82272
-7.22
166
486
84
-10.1
22390
106498
86930
-3922
26.08
-19.41
171.09
-17.02
0
0
48.01
7.69
2897.67
346
54.5
3.29
21.4
30.81
502.66
346.5
95
0.1
3138
2635
-267883
10245187
423531
2.2
62.86
39.3
-27.17
506195
100.34
5815724
0.76
37811
16.97
13.91
89.9
1871869
76
1169
35
60.58
22219
65.06
160.6
225.6
15.85
-59
62.65
-82
-200
-20.53
10000
50000
-345077
-320525
11.57
596
-4.9
-49.83
-17341
16
3.25
168.9
79.8
0.9
50
23
5
2229
-1.85
37.5
29.2
5869
70
71.6
11.21
-3
0.8
70.37
-83.96
171.68
189.47
59.95
733700
28.59
58.62
23.53
-12
43920
-5.09
84.8
37.27
-273
-0.45
-835662
41.78
-12324
-73.88
-349
3.4
-32.34
171092
245.74
30.27
2035.06
4
176793
27.46
-507
-79.25
-1168
85.34
148
-85
-13120
55.05
-54561
48.67
22.9
8.8
1.36
450
-250
-53.09
13.14
0.8
-0.4
-25
4048
5328
129
113.7
28.25
44666
28161
176130
9
0
393
86.93
113.79
-29773
91239
5758
178493
4237017.15
17832207.14
11
5.43
-8.44
-9.19
907577
4.61
7.33
25.33
1249
56684
-43.6
-111162
153.07
139
0.11
406
14.49
-16.02
43369
5.6
-0.2
0.1
1904063
37.5
10.96
72.29
0.4
133.33
-10988
232.57
378717
39072
5580
6498
51.49
-40.2
39.7
15726
10970
-3401
34.2
-81.71
-136
-4.09
1383.3
-3462
-45.88
2.5
43.66
-15
6.73
0.03
0.1
-3.81
35822
790
8.72
-45.84
-45.47
-11246
3.73
2.33
45.38
0
0
421
0.55
124
57176
50507
2952433.33
8038
-729485.96
22.57
41.09
34.93
-9.3
0.8
4.58
130000
-125000
20000
283407
8037
271351
121736
16.98
5.19
7.61
21.87
18.2
0.1
-43.49
-5587
31.5
49.76
0.73
58506
1.25
2.4
75
606.6
10.12
-24333
52.1
27.52
-272
52.68
2.14
-70.17
4.1
534
45.03
10.9
34.06
10735
-13888
50.43
117385
10160
388
9.22
13
58
29.59
18986
229
47
-13.69
20.7
49.66
94752
10669.76
9438.21
-0.11
4720
5.92
480
14583
3.89
0.31
-2.6
-99.77
3
0.6
13.33
-4222
8099
9129
3.35
0.32
5304
1536
6.05
0.78
14.42
12606
-38554
-51.81
48
66.67
15.22
0
5419
1729
8.36
216.2
48.5
-46
12
3070
28.72
-5989
-43.39
22.3
48.9
244.3
3484.1
0.08
-53.25
501010
651740
70.64
-1
-244
-54.59
134
33.33
-41.14
-806620
-770116
0.48
127625
441.69
-3931
-8
1
16.36
35.41
115.67
28
83.3
30.1
20.05
-12280
12500
429499
783183
-38.81
-2.7
1375
44099
167008
363
9.33
-40565
10719
-29.78
17087
161.73
0.71
-10
11.39
3523
-26432
-96.44
32972
5505
7789
1481
1455
1468
5889
6.18
-2.1
1
0
-104023
108.86
117.82
109.76
5713.29
38.04
-0.12
1.49
13.88
1.81
-506
8.47
650000
2.43
4456
2.74
6.31
22
-9.61
39371
18.45
-9.9
-76.15
1266
-1614
-14.68
27
10.84
22.4
10.12
1336
-108
49700
-19.98
244.5
73.29
2326
3.4
-3.08
780
-1
1579889.14
132.6
516.5
0.1
3.78
-5602
1353
-25822
445
100
-0.1
-4.55
21.9
82.4
77.11
-8509
-19.15
2.43
-18.12
2173
-6.07
72.7
19.9
2.6
6.62
7
0.6
1260
8407
-87
-10.16
25.42
25.58
55.6
24.8
-51
-12
-456.96
8.81
0.8
-12
20.45
114
-6
-5
15
34
-21.38
-954
716
-33.32
-10.2
-1.5
30.38
-74
-0.13
8.48
-182
2.24
0.08
-1509
3636
20.95
1.21
0.2
810
-13.81
1664.97
536050
290.22
-41019
26
4.88
-38.54
96
11
11.12
-24.83
95.48
-11
243938
10728
837
-9
28.67
-177
-0.41
3328
2461
1618
6558
-145
-26.32
1072
47.17
84
-2.27
91.12
-4.06
-0.3
-0.6
51.01
90.1
896
-15.36
4269
298
51.56
21.05
1510
78.95
964
22.48
35.18
-732
-1370
-892
64309
10.21
19471
-703
36.81
0.6
16.22
31.33
26.87
-671
55.51
-2022
80
24.42
10
-98.28
145940.16
553004.83
12.27
1618
11.66
81.5
27.09
-134.1
-83.5
1644
143
1.38
1928079
4056106
53
52.4
-253534
-85.45
12654
-3006
-173
288
21424
-137
-418
-1.51
1.5
86.9
5.3
18700
481
-1
-5.56
62.34
3.26
199130
59
-12.56
39
11.82
417395
4.29
85.07
170555
49.14
3.95
156878
5.87
10.8
29.59
139553
7588
8223
0.84
197636
9
190679
7054
92
11.09
-82
-1.41
70731
28.68
1594
-43.72
3508000
4.7
1361188
-58.79
13407
-97.5
-12.29
3426
32.26
26.7
34.68
0.11
4
734097
-1.65
-11.5
150
-140
-69
2849
8.16
83
12.65
5
185.19
-15.7
647.5
1.04
-5745
-1108
4
48
-15.71
-569
409
10.94
8.11
-148.51
2.15
3.47
389
-16
70.53
3.08
2.14
0.17
239424
9.44
-108
3.83
661000
425000
22258
25.13
-798
-694
-27.68
41
2206
45.98
-4329
66.67
-23.31
-1168
522
46.43
-36.39
-49.9
-50.04
949
1577
17.46
1913401
0.85
109075
55.6
-24.26
-18.98
5110
130765.85
279.59
460.51
-241
211
-43
15
16.48
0.96
16.78
13.74
89.99
50.62
89.66
239
2.29
198
-18.25
338
1.81
-0.2
2390
87.4
61.19
41
-61.14
-24.07
-52.46
18764
144.1
0.36
1874
353231
8.04
-9
-0.33
22.11
100.7
-23413
-56.49
24.5
513
23
0
-0.18
370
1763
55.56
7
48
26729
760
46.94
34.03
513.2
1145
6708
4222
27.4
2.6
6.62
69
66
17
79.4
32.77
0.1
-2266
19.2
-8.42
-2
3
8486
529
-392
0.14
5
51.02
1491
-43.77
0
0
0.07
-84.77
99.32
0.93
-1.58
1.01
177245
14.89
31.68
17.8
6.72
-569046
1294
-52
-178
-22.57
23424
27.35
0.5
-66.7
834.27
-4.3
0.4
-41.18
-249.9
-98.9
587
-108
-14.73
53.6
96
81826
-71402
415969
4403
1.49
0
20.83
8.33
50
1336515
38.25
8054
-10.38
-2995
-4.3
3593
3291438
2.29
-15449
4.34
-72.2
8265
72.23
138419
5616
11160
76.95
67.16
194
-26
-9
3341
-8474
1364
2.29
19.71
2.3
47
9.08
0.05
0.42
3550
0.82
100
49574756
18408588.96
0.26
-879
-35.41
62863
48966
228.68
24165184
0.96
544152
0.54
3863
75.6
9.08
103536
21228
-6425
-7.27
2959
594
114.51
-8221
57.54
1
3
7
-639
-5.3
1252.45
9955
289586
6.26
481
6.1
1106
9.93
320607
85.88
-96
-56
6.2
114.81
27969
35.16
22.91
55
64055
2076.32
309700
211700
61.41
-1.89
15.77
26149
4
66.67
138
5165
7982
7929
5.34
4.23
1.66
854
8.3
-2.2
0.6
2508
45
3.4
8.85
-1455
-35
4.1
42.71
82
37.96
82.4
48.61
3.45
68.3
25
56.82
-42983
7022
-23839
177.8
75.09
-72
-25
-38.54
415
1.7
231340
2.29
28
-29.9
338
-35
-1.93
-160
-131
-30
25
87.11
185
163.54
90.18
4.05
-29.33
958
74
1.74
-1560
700
22500
59479
48.85
5384
-76.4
76.95
38.75
49.1
85
30.9
1.5
9.15
10.39
65.81
10.02
60363
1.73
-7.93
90.91
5
10464.55
145376
-0.52
1233
9
-43848
-70.14
-67.34
-67.44
23.58
-1087
-336
159.9
18.68
73183
98526
4.04
2.42
45
214.29
8.2
2.27
41
1238
37063
-738588
-13196
19.9
6.3
10771
9775
9.25
8219
549
-544
344
5.27
5.3
3.8
-6.26
192
42.3
29.8
13996
145.99
-67.8
-29.89
20.59
46946
18677
13.74
73
3183
32.82
-71.57
-85.71
606.7
-67.63
-6873
-18.71
3493.4
-10726
-1.38
471101
701399
105.69
2
-4814
53
768
24371
-16.14
53914
57176
-2.37
0.96
2.7
-3.68
1302.1
-95.23
66.9
-0.1
-14.29
0.97
0.24
0.08
-7.32
41088
-4081
32543
36217
-85.7
-15
5.67
-90.65
-25.33
-88.02
-16074
7450
-30316
-37.73
9.2
-10.1
-15
52
-17.42
1495
9228
146.03
-0.8
-29.63
-764
13.44
2171
20.46
-16.82
84.55
384
1731
-2.18
5479
6.13
-5.5
2.08
10961
347151
157268
24.75
5
135.63
-3931
699
8.36
78.95
-47
-13.73
0.93
15.43
18.75
1860
6.8
453.33
4126
481
3820
13
-837
4.38
119.28
-1660
810.2
846.4
14.2
1200
-52.92
-96.3
62.71
14.33
11.12
500
12.57
913
1633
-13.26
1.48
37.97
168129
12
-80
-88.89
16.67
-8.04
-63
-4.12
4
959
24.59
-61.11
148
242039
2726290
37.85
443
388.6
93.55
1.6
6226
4.7
5.51
7661
-2984
-150
-4.33
25
61.41
4.77
161149
29.36
0.78
0.79
26.85
1092
0.5
28.18
3.57
89.81
86.28
12987
6.21
-5.25
-8819
6.9
28.09
2.02
4232
2838
1394
0.67
0.63
14280
47.8
164
41.35
5431
23873
96511
94.47
31.7
-31435
1.65
-80.42
6
0.4
-12191
732.94
2250
2176
-96.4
-2.56
-9
-176.1
3.6
2.7
0.2
200
46
53.42
2452
-1887
27.66
151.4
70.6
-42.17
37.14
-55.48
1.18
0.07
71
-1.53
-339
54.04
39.3
96.32
8.65
96.1
2
123
277
-10.1
21.49
149.31
2931.3
151.4
13550
11770
1.03
8621
85.54
750
3
88
333
0.41
2897
2745
2521
5
19823
14
-185
3.72
1.4
-4931
-8.94
26.6
1.27
39.13
84
0.27
0.88
28
-24.51
66.31
-21.99
5459
4572
55.14
-6.13
1.36
32.53
-0.05
44.44
0
232490
-3
-3.12
24.5
1569.4
8.22
1923.32
10.4
208
11.2
49.77
113.13
1.18
468
21.33
-1938
129
-213
-2325
-35.48
-33.57
110
3.84
128772
23.82
9419
22.2
326.5
1.23
142.68
9.2
9.24
10171
1056
-18.73
0.01
3866.9
124.33
-103528
-102879
-0.82
-2444
50.69
8.05
-21.43
39.29
0.72
37.38
-29.21
3169
-6.64
8.25
7.25
1034
17489
0.7
52348
-45057
0
-1.53
10350
24.67
-14.58
125.71
73.48
413
950
76.74
0
332222
0
44.12
63.4
136
-1
-7.14
-18.36
-30.02
-6.77
60870
-20293
9.74
4990692
12297
5939
14429
17565
10373
164.01
7496
0.08
14.71
20
-4.76
40
20707
53.76
20.1
30.09
68.58
227
427
25.41
-534.4
-361
12.4
11.48
20.1
46.85
-1
22007
2579
-0.8
2042747
587585
13482
-1073
907.76
-137
24062
3853
25907
8558
95984
27949
414
27535
8657
8323
3192
465
3.84
8.1
34.62
29
3.9
4.53
65.22
3127
32.5
8.01
235435
5.3
5582
28.93
-447
124
38
23.73
52.74
610563
-141
24.2
6.98
13.47
42.32
6212
16.4
9.04
4.95
-159
-40.46
3183867
71.12
6107929
5.3
4.29
-56
-6
60
-37.9
-9
92.57
-16.08
21
1
27241
321
2.42
36355
0.13
82.36
100
-81.97
114665
114.74
211597
370
33.67
143500
75000
104750
-46
-29
-4.75
0.95
-86.87
-0.92
-0.2
3.31
-40
-24
-303
-2.4
2.9
0.1
-3.6
-1.3
-24.14
-57
8.12
370834
370834
43.31
-344
-1.5
-13.27
-8346
7356
-1.55
3.5
-9.8
-36.43
-0.1
-12.5
1200
-20.3
-11.63
2389
283.06
11140
-17377
0
6.08
6277
3764
22.46
15.9
220
540
448891
1.53
18.17
136.8
-0.53
153
59.3
15.1
-78.23
494.38
38
-4.87
546.2
90.7
6.91
24.5
-29.23
-66.15
0.5
8.77
22.4
-30550
17220
1
-1
-1
175
-131
53514
4078
820
31.54
63.08
155
129
11
44.9
12.5
67.35
1951
92.99
9.75
2465
8809
20
40.2
-170.1
116
-31078
8.66
15
10
7.48
10.28
587
47.76
1687.7
-6.8
-1019.6
-11
5919
0.4
5.3
5.06
9.22
4885
35.58
10.85
7.95
-1.91
15.04
17259
16
72.72
60
142
-4.79
192
-296
237
0.3
33.33
576
-4.6
10825
1113
1.78
2
7.41
12239
36.91
9349
4.21
19.46
0
-10919
-781
-86.88
329
2
157.14
65.98
2
2.7
17.5
31.03
0
0
91337
61079
20180
-12026
-531390
-36.67
-226
9.43
0.73
-13.34
-76.09
28.41
6672
1568
-4.44
33587500
93.3
0.38
32.76
86.87
-13.13
-25.9
48
5.3
547
18.18
128
20.36
20.06
2514
-2.22
259259
40.04
4.14
26
45.61
1383.3
79.53
-42
9.04
349984
-3.22
15860752
9258262
1016.9
22.56
1264288
95.72
-0.7
21.4
-301
-15.57
764750
176.15
4.2
10.84
-1.42
0.17
1.44
832
4.78
-0.86
2.3
32.92
-158
25.87
8963
224
-1490
201
-1229
363.33
140.9
3.49
129.5
38.87
24
1.85
40236
19.43
-7.64
-0.1
-0.7
-0.32
19.18
9
35
25.55
-137
25.5
2.31
499520
1.23
673
195.88
64.69
17364
73.28
45.68
29.89
-26582
9976
2993
1358
38.1
26
29
36
-12191424
5825
14972
-24.97
15164
165
1171
2.7
60.49
18.5
4814
78.4
67576
1.5
15.83
-528
-729
0.41
1.93
19431542.62
200
2.81
-13.9
-496.43
11.7
17.6
16.1
1.888889
-463
2.1
1998
0.064348
0.191024
139337
3
0.186393
0.821697
36845
3
5
13
3
0.953605
4.581961
18.6
21.9
41
0.049823
-0.174263
2.952381
0.202751
0.365104
0.939304
0.036168
0.019253
0.002332
8.3
7
1.918033
2
53.666667
20
0.973958
0.921821
0.318781
0.255518
0.242344
0.095918
19.7
19.7
0.849421
0.009327
0.030968
0.890882
0.334289
0.404119
0.253108
0.205233
-0.19438
0.196566
0.139431
0.131469
0.761075
0.552141
0.213284
0.018029
0.051883
0.02
0.01
3
3
2
4
1
13
5
0.81299
0.14335
7
34
14
11
21
0.892796
12
21
15
14
11
48
13
5
32
1
13
25
12
9
16
17
14
25
14
51
0.6
1.6
2.4
15.9
0.343714
0.8
2.6
0.85034
0.568248
0.161948
0.120144
5.9
1.8
1.6
0.2
0.6
4.7
2.9
0.5
3.4
1.7
2.1
2.8
2.8
1.1
4.2
3.4
11.3
0.6
0.4
0.7
5.5
1.8
1.1
1.4
6.7
0.98151
2.7
5.2
12.5
0.560891
0.254642
0.184467
0.315741
0.6
3.2
0.43
472457
29
0.201311
1
24
9
3
3
3
2
1
1
10
9
8
9
4
4
10
9
6
14
66
28
25
17
2
8
28
15
12
2
0.800589
0.345773
0.546903
0.134959
0.486906
1.395279
57.2
0.629734
3
21
19
16
2.35
2.1
2.181818
2.3
4
0.413418
2.418857
2.104478
0.171939
0.202989
0.625073
83
0.349767
0.248342
6
3
14
0.618091
0.285481
0.096428
0.659455
0.252549
0.08798
1
2
9
0.2
0.419661
3
0.419336
10
0.053015
0.070966
38.6
1.909774
41
44.5
50.5
0.775976
0.40566
0.4
0.361556
0.023256
0.032362
0.066667
0.317647
0.16
1.7
0.92
25
294
13
4.117647
6.5
3
2.25
2.083333
67
88
2.988372
0.872045
0.078145
0.034739
11.3
0.879454
0.061968
0.048209
0.041252
7850
2.243902
3.354167
4.6
16.4
14.3
7.4
0.3479
1.3
0.33
0.780107
0.725718
2.416667
3.016667
73
51
61
84
1.9
1001
0.624567
0.540058
5.6
0.033
0.651848
13.8
8
4.48
39.1
194
0.578234
0.154209
0.17513
0.907573
25.2
31.4
6.2
42.6
52
9.4
0.044296
0.049924
0.663626
0.833782
0.336377
0.842886
0.413261
0.260531
7
7
0.320281
2
2.716049
3.333333
0.984375
6.694656
6.871658
2.677083
0.236631
67
1.2
0.7
1.5
-0.019328
-930
1144
24.2
52.9
52.6
63.2
186
672
9.9
12.1
13.9
7.8
6.9
11.3
0.389381
8.8
15.8
0.443038
0.556962
0.168672
88200
52400
2.64
0.839421
82.72
79.89
3.090909
2.3
2.027778
2.166667
1.952381
2.066667
436523
13700.0
0.1
0.1
1047850
0.871203
0.944053
0.011346
23.4
18.1
1.8
0.770492
9.4
5.6
23
40
3
17141
3
1.6
4022
4116
1983
0.10513
0.216383
82
0.405619
0.190704
3.971635
2.451602
3.971635
2.451602
11
0.58296
13
0.224215
0.1
1554822
49
6.9
4.165217
2.9
1.3
0.023256
10
4
14
10
8
5
11
6
6
37
51
9
0.06709
0.071308
19
11
2
38
18
12
0.247714
0.24319
0.190207
0.171118
0.349818
0.361856
2.92
1.46
0.238095
0.004214
268
58.3
74
6.2
61.1
53.6
48.5
22.5
39.3
62.4
0.186143
0.695225
0.654132
74424
83.65
11092
17522
13532
0.664294
1573
4698
-40
1107
0.661445
0.338555
0.291826
21
22.8
10.2
24.7
21.9
2864300
2.13587
2.75
15.465662
0.304379
0.115007
0.30396
0.201637
8.806113
10.95599
0.39064
0.485994
0.632485
0.491149
0.008
0.03
0.004
0.277102
3
17
1
6
2
10
37
12
33
10
11
8
52
2.016393
6.3
1111
0.036318
2146
0.072795
2146
0.072795
47
1.61
0.69
1.55
1.55
0.82
2.08
0.159764
66.2
27
3.076923
42.1
0.059757
3.608696
1.446809
1.118644
0.86502
0.579975
0.169147
0.115899
4.3
14.6
80.7
72.4
83.9
3.102041
0.999031
50
45
79
70
19353
25
0.889715
0.301784
0.108183
0.657317
0.620189
83200
0.698738
0.386766
0.424242
52
62
60
84.8
2.9
11
7
4
29.2
37
48
53.4
25
67
0.13
12
13
75
61
41
15
93.5
83.5
19227
6341
2856
0.317241
0.28046
0.098434
2.516129
1.895833
4.129032
2.189655
1.831169
2.272727
5.966667
1.75523
1.351464
1.34728
1.393305
3.754527
3.633803
2.275654
1.965795
2.611511
2.539568
1.776978
1.551559
2.5
3
1.909091
3
12
0.725
0.149
53.8
0.068098
87
0.227695
0.134023
0.042347
0.132733
0.235309
0.690897
0.100832
0.09848
0.093251
2
7557
6701
6659
5623
4843
4304
3.05
0.731634
0.268366
4.869565
2.615385
5
0.351598
0.237443
1.945205
0.70892
0.431925
0.241784
0.07277
9028
0.563898
4253
0.265646
0.420987
0.408557
3.231707
10455
2385
3682
4921
55.7
1
0.263706
0.219755
0.442229
0.988176
3.514729
0.927677
41310
1.634856
0.408965
36702
105
130
2395
17
356
597
659
358
127
187
41.9
42.7
2.703704
0.064447
0.05
0.04
88.3
39.6
48.7
51.1
60
57
0.593656
3188
-4583
-642
-11260
3188
132477
0.527331
0.147498
0.325171
22.5
17.9
11.7
10
24.9
20.7
0.855
0.255062
0.185215
0.170675
0.144857
0.122571
0.046474
0.044843
0.030167
21.9
0.115
138544
0.477876
0.560976
3
0.854127
51
76
79
82
94
94
11
89
1.7
1.8
0.738102
0.432027
0.3
2
0.021914
0.016644
0.082102
1.12
0.430742
2.06054
0.697659
88.475
74.775
0.11
27410
27710
25920
25030
2
0.417665
0.62069
45.6
59
2
299
0.8
0.9
1.925926
0.5
1.961071
34.9
39.3
55.5
8.9
44.8
37.5
17.7
42.9
65.8
28.1
6.1
0.881605
4.5
3.346667
1.547872
2.130952
0.523901
0.708072
0.645755
0.866041
1.992958
0.367491
3
10.3
10.2
0.757576
3
4.3
12.6
54
0.745
21.2
11
10.6
4.4
2706
3865
0.290099
7.3
5.3
10.1
7.7
11.7
955
1640
363
463
289
84.2
2.521739
23
19
8.4
3
3.333333
2
5
10.2
12.1
3.8
13.2
6.5
4593
6921
0.06783
0.067054
0.642907
0.357096
0.194444
0.493585
0.2466
2.69
0.4
0.100237
0.02
1.8
2.8
3293
849
0.7
0.2
0.7
3.6
2.9
4.1
5.7
4.3
2.7
0.61
0.18
0.45
0.49
0.04
2.1
13.3
8
0.043
0.046
0.042
0.074
0.023
0.023
0.036
0.081
0.102
0.159709
0.10792
0.087485
0.069466
0.032863
4
6
7
8
6
43
37
35
10
10
17
17
16
15
10
0.773626
0.835055
0.140574
0.07885
53
59
0.730168
1.85
1.576923
