37821.0
-0.98046
73160.0
463.0
2014
-0.06498
8312.0
320.96203
-1.47092
-0.23684
-17.0
1.53654
2007
32529.0
22571.54
0.31845
163150.0
Basic earnings (loss) per share
10639.0
2009
2.27273
-0.11347
-76.0
754439.0
16.0
141068.0
-0.1147
0.15323
2010
6217.5
2.96247
0.15478
-0.158
0.01872
3864630.0
16101089.28571
341145991.0
96800.0
2012
2228.8
2015
61.0
0.31724
0.00801
73329.0
2008
14699.0
-0.0819
365624.5
-2.0
0.02731
$75,499
Total fixed maturities, available-for-sale
1.46667
0.0
2014
1.52333
2112977.0
32136144.0
66.0
0.37766
0.64961
6.9
5444.0
4356.0
7.4
13065.0
1.0
373.9308
0.0
Year Ended December 31, 2010
25510.5
2
310.3
0.16667
0.99784
-0.5
231.6
5.66667
17287.0
11260.0
2008
43118.0
121321.0
1.0
-0.35484
-0.13959
478
5469
972054.35456
1.2379
0.07479
1901.66667
-0.25385
-0.05607
0.03277
274566.35
29932.0
0.3227
2017
4603.0
3747.0
274.1
0.3678
-0.30588
36090.0
0.4054
0
-201.2
9
2010
144.8
23217.0
403.3
0.56751
265776.07123
668.66667
104800.0
145.2
10591.45
36952.0
2009
No
-0.14751
2009
894.0
12734.0
5334.19453
818604.0
931673.4
101.0
669567.5
0.76
2016
3250
0.13785
-0.18052
-inf
2009
299546.6
2015
128.15238
-inf
-0.55541
42.0
-65.8
0.0
0.06758
5164.0
6750.0
0.05049
407.0
2928.0
10.0
1.23307
100.0
53517.0
17575.69231
0.0641
0.19995
0.34802
91.0
0.02642
17915.9
1.0
0.4296
2995.0
-inf
525.0
-0.14022
2007
0.01727
0.094
1.0
111887.0
-0.37293
45292.0
-0.1901
120.0
70417.0
1.625
1.0
10.8
-0.00237
856.0
Carrying value 2013
349740
29456.0
34673.38426
0.1578
2012
127610.0
8736.5
307048.3
2013
1238.0
104.0
-2013.0
5
13900710.0
113.1
0.55
-inf
5500.0
2447.0
165465870.0
56.0
1.33503
13.0
77565.0
2012
1780.0
45.0
3702.0
-0.15563
1.0
2131.5
2008
0.18493
6.0
2487.5
15065.0
-771
84569.0
0.0806
0.07296
7404.3
16618.0
2011
180.35
1598159.0
105.8
8.70854
1
64285.71429
9639.0
3470391.0
193586.71894
0.60332
42.0
804.6
2017
27977.5
9726.0
16520.0
164685.5
-5302.65435
741.0
79987185.0
1516.33333
17323.0
-34.0
-0.91333
2349.0
1.92667
-0.13857
-0.78125
78.5
1.00007
0.04063
0.1087
199.66667
0.05263
3000.0
632.0
0.0
-0.69231
68174.2
No
2008
-inf
1323.0
3.07762
91142
6.3871
0.3626
2010
0.16667
42.66667
0.5
-0.16667
2017
153167.0
0.77353
4585.7
73885.0
0.11364
-0.4359
4625.4884
0.01018
6704.66667
14.5
630.9
0.34783
2009
17641.0
1841
2009
-0.38076
527.75635
174.85714
104.5
384651.0
4191.84789
6433.5
0.29622
0.51282
35590.33333
193.2
-0.03097
126.0
13.33833
8025.0
2010
15340.0
1.0
3727.0
2018
1182.75
0.47239
8393.33333
175056.0
Rest of World
123426.64125
0.03549
9540.0
0.23057
15202.0
44202.0
3
97.4
3797.4
35.8
2004
13866.0
0.41379
2014
0.0289
5102.0
1.0
25063.0
0.16667
Interest income
16420.0
1648.0
20291.42617
no
92497.0
-inf
2
53247
0.02665
1.0
38208.0
169389.0
20247.0
976960.0
36.0
0.13333
0.06737
0.2206
174119.0
2016
2.08051
2.1
60168.0
-0.00808
2
Marketing and advertising
266
-1420.0
0.3936
1911.0
14115.0
0.45298
End of year
9052.0
1.0
2240.0
81963.25
36300.0
15.0
-0.24
0
0.73913
-5004.0
18998.0
0.12138
1041.39
68.0
0.18024
0.19686
0.22883
439610280.0
not_entailment
0.03237
-0.1641
89.28571
33750.33333
0.90774
664083.5
14394.6
735.9
0.11035
5386.33333
91.85246
6078.27323
-566.2
3
1170.0
13.60638
926.0
Encompass
26.6
not_entailment
0.0
-0.06511
0.86973
2009
1.38442
0.38095
107541
No
2006
1.95
7951016.0
0.49608
10344.6954
9.14727
0.97775
351.0
8730.5
8362038.77496
0.61146
0.26856
9754.0
94.3
70.0
-0.30583
North Sea
100060.0
10099.50375
2010
492795401.80362
-1.8989
2012
274566.35
2287.1717
9262.0
1.0
Medicare Part D
2.0
2003
0.44886
4292.0
0.04594
-inf
2
0.43662
3946.71429
7336.0
1049.73266
2087.46423
0.0
722307.0
444.0
0.43669
First mortgages
0.17021
839.12903
Total Consolidated Operations
not_
29748.0
248909.0
606.48923
0.63772
8051.0
2009
7472.56381
243989.0
13416.5
-0.08134
2014
350337.0
1.3234
40483.0
1.23529
85331922.28
694215.0
10317.9
3601.0
4.0
2018
200284.0
2860.0
458.0
39.0
2013
0.25862
167.28571
421.15978
10802.0
0.01047
-20.0
252191.0
1071
recurring basis
1668.2
1094.66667
0.06867
2010
150,915
1839.0
-inf
106.5
2005
23928.0
240744.25
357.2
24130.0
404.5
0.38368
12
0.04813
0.55172
-26716.0
0.05249
2.91409
0.001
478.23333
3
623286.0
3522.7
1960.5
0.375
1797894.0
1084071.0
12.1
18367.5
-8.7
0.61674
0.66048
259
2018
Debt — (continued) Long-Term Debt
2524.0
1340.0
-0.17724
8156.0
2017
0.3776
2.24194
747029.0
1056
100.0
Foreign corporate public securities
3636.0
2017
0.00019
No
1.0
2013
92147.0
-0.04651
0.27102
0.0
Gains and other income (expense)
3
-23
479
141741.5
1038.5
51272.0
10.57377
0.0
3675068.0
1.0
1366523.0
0.42134
3691.8
-0.44382
0.05237
0.39903
12.0
230.0
2015
0.00041
11921.74676
30013.4
1e-05
269746.33333
1392650.0
1028.0
4.25
621.0
6473.0
24521.0
189.0
1203.8
-0.37132
247140.0
14.16225
1
15.0
987834.0
-190579
86629.0
809072.0
0.54227
9469.0
114448.0
0.00666
126262.0
20.0
1.0
2015
10743.0
-0.06139
383.0
0.04762
0.36603
-0.01244
1.2754
1
6348.0
533522.0
-0.2
2010
1
-182.72838
1811.0
416.66667
416330.5
0.71698
20,048
55323.0
286.0
0.79135
54740.0
Transaction and clearing, net
4.765
29.33333
1060.1227
no
116901.0
4.0
120.1947
-0.8135
8204.0
3404.5
1190.0
0.6415
not
2007
8408.66667
0.23855
2018
0.0
137.1
1.0
202525.0
450587.5
-1170846.0
No
2015
0.03753
5670
297.0
46808.0
1968.14286
172.6771
4855.0
2325.0
-0.04555
0.7907
2008
-inf
806.5
0.20986
2016
415.0
9.0
815.0
2014
$232
0.0
36421.36739
0.54502
80274.0
93.0
34.0
-1075.0
27095.0
-945.0
0.73426
82
400.0
27.47
487893.5
31.62605
1.0449
0.57692
755
2007
0.02518
235797
463.15789
not
81903.0
4002.0
-6.0
1.0
947
3623.0
21843.0
0.12435
1263403.0
299.0
3
208.6
712.0
2004
858775.15119
14703
1.35677
2592.5
66536
109789.0
2006
2013
105348.91433
2937.0
233776.5
51744.7
291451818449116.06
0.00396
2011
-0.058
0.11739
251.0
1370.66667
0.0
38.2
1515.0
2007
0.81573
Problem, potential problem, and restructured
51.44348
3102027.5
335.5936
2014
2742.2
246070.0
0.15584
0.0397
0.73077
-inf
2012
-0.10841
4326.0
592
5498.0
2011
1.00632
353.0
0.26087
-100.34554
-2644
0.44168
2012
2009
2415.0
-400600.0
1097.0
0.04269
1882510.0
0.0
0.05522
1802.5
2947.28755
1
256.0
78.80556
0.09121
740.1
11635.0
0.01171
3556
3166.0
-0.00836
105666.0
39.5
2008
2005
16886.0
898
0.41846
-0.6202
13227.0
0.29615
2003
8787.0
1140102.0
0.0
-0.05037
14.0
-inf
6.33413
19495.85714
1050.3
2.3863
2015
166347430
0.15278
-4112.8525
61121.0
2052.0
507612.0
2013
-0.2695
0.33116
2015
14.1
20007.0
-inf
-inf
592.5
46428.93924
17295.7
-0.03612
3600.0
0.06042
0.27368
0.96002
0.65189
0.30516
7594.7
0.13889
1.30516
1681.0
1
0.33333
107895.0
2009
-inf
8461.0
7867.5
0.9818
47700.03896
931185.0
-0.30824
0.5625
0.93933
6326.0
3803.2
0.22222
9.6
2008
333.0
0.27403
57.37651
1.19
-2.97772
0.07535
793.0
2006
1.48389
-0.33401
1015.33333
0.10559
1.0
277959.65
147821.0
16.3
0.03853
0.48503
1210.84838
54277.0
0.17288
-154070.0
0.01458
6704.0
2359.0
0.57557
86328.0
1489.23641
450000.0
0.06541
No
0.96551
2010
-0.9
1728.3385
7541.0
5998.42639
0.32375
2017
2005
2017
0.23568
8.19231
-0.875
457.0
201.00781
110972.0
158361.0
0.50633
0.07211
2015
18518.0
2.5
24680.2
1.8613
-0.81333
0.03868
1.0
562.4
0.8972
4943.80712
68923.0
0.40022
27737.0
69874
2007
4072.7
199.0
2063.5
34.5
0.22409
-0.1726
114
-0.20046
2.10294
-1.4
669.33333
900000.0
-inf
258.0
10592.0
0.92594
122443.5
0.0
0.64911
3.03868
2016
274.41
no
24218.0
-198
9020.5
157260.66667
100.0
-41.0
-0.0442
261652770085.0
0.01691
14132.0
4684
1.07229
827.3
39.3
2007
4724.66667
0.03425
-0.3467
not_
2017
443
-786.0
207.0
24750.0
14720.33333
51938.0
468.0
9654
3979.0
107512.0
0.16633
2009
2
0.0
7754
-0.03509
1.0
937210328688.0
2006
-1.6
4
373.5
1.0
7373.1
-0.0036
0.34677
-0.625
822.5
2.0
2003
0.22084
93865.5
0.23046
-0.01623
239.33333
-3.4
no
1110.0
113176.0
-0.04167
4.49275
-0.1
0.90499
0.01101
11049.0
1.22386
-76.0
2010
8800.0
7094.2
124
2
5132.0
2585.9
1.0
545
38629.0
1
0.35228
2013
12.8
0.13007
2015
11896.5
231300.0
876.14222
388706
2426.66667
233670.0
56.5
-0.03385
2012
90669.5
548.8
-0.05046
2009
0.08192
75766.75651
0.40946
0.0
0.07143
22994.0
52.99231
0.16979
825.0
2016
not
338502.0
12391.66667
7388.5
91
0.03286
2012.0
0.05355
384140.0
903.0
0.00867
8761.0
19101082000.0
24113
13509.0
95778
not_
2010
2007
4.3
78174.5
2715.94757
0.49202
7972
-0.01397
36216.21622
480.0
-17.0
34397.0
29121.0
4789600.0
3051.0
2250
1.0
0.39978
19.9
41.0
100.0
1.293
441.26134
11621.62286
926.0
15051.9
47508.0
-inf
0.04144
7417.0
0.17323
115.0
1473.0
-130
-0.16538
not_
0.70798
-inf
3107.7
11.0
1.13
5870.5
2227.5
369.0
48647.0
611.59928
0.67442
14561.0
1000.0
2015
2008
2797.65
35479.0
2016
0.34434
-0.04545
17.0
-inf
10537.6486
4322.0
582480.0
13130.20057
2004
29202.0
933945.9011
2121.0
2017
38886.0
No
806
338
2005
769.0
no
0.12207
525614.0
32102.0
-0.2261
1.75385
9217.0
0.0
2101.0
9510.0
10.0
-4.66667
3603.0
0.02714
1600.0
23689.5
0.04039
722.7
86.78101
1638.0
2
17.13037
0.93179
2007
0.12435
3.35714
6.8125
0.20213
-0.34
1023.8
167
9298.0
9610.0
666.4
8774.3
2012
2007
330503.0
1848085.0
924.0
-inf
-0.09617
0.70191
No
11377.0
121700.0
0.0
0.10047
-865.0
166.85714
1496180.0
-0.15
59.3
No
2019
0.0
29376.0
0.0
2009
0.69697
121.33333
2014
16579.0
59877.0
802.0
53094.6
-2571.0
19.5
1.79
2341.65
22616.7
829.66667
$33,298
No
-inf
1
11.3
4545.0
20.0
235.0
0.86211
0.14936
44539.0
44668.0
8083.5
-0.18704
2683.4
0.50877
-inf
2009
647.5
0.01229
1.0
Analysis of Loan Portfolio
0.4336
2253.26784
17.87604
167.0
553.0
36925.0
0.12722
933.0
625.0
2017
2013
4767
2012
1399.0
6.0
-273.99273
3851150.0
50.33333
0.04378
19617.0
6110.0
3431.65
0.04618
128960.0
43481.22
0.04155
-0.00616
8.88571
681.0
18356.0
not_
Amortized cost
0.03284
0.15536
499697.34466
209719
0.24
26956.0
0.0
7264.0
-0.25758
25802.66667
43904.5
389.0
164613.0
163353.0
7399.0
1.73876
-261.0
397381.2
2015
No
6972.3
452
9104.0
-0.16271
839.0
1808.0
90.0
232.33333
968.73
1464.0
0.16639
no
0.0
227.0
0.15608
2908.0
0.01124
not
0.37674
0.11475
-0.51419
10.13291
7999.91016
No
8.91
0.0
0.0
31986.0
21406.56175
Fixed/variable pricing
0.86891
958.23041
2.10526
0.31583
3341.0
-0.21007
1.3558
3825.91388
2678.0
12078.0
174322.1
0.0
Total fixed maturities, available-for-sale
747505.0
-1515.0
253.16667
0.7414
548.0
1.66095
No
515.83333
1.7
436.54545
297060.0
1853.0
0.01229
2899
23.66667
1.0
1087.0
8.0
no
Real estate Fixed income securities:
0.46628
902.66667
11879.0
2013
2018
2805.0
638852.0
35107.0
2003
44.24324
Amortized Cost (in millions) and Gross Unrealized Losses (in millions
1166.0
55437.5
0.5
13051.0
0.70706
80503297.0
0.63509
0.80159
-inf
0.22449
1.175
6136.5
1356.11111
0.35086
1e-05
12720.0
0.50515
2
0.08333
0.32979
-3011.0
0.0207
5611.0
3.75
3
165465870.0
2009
0.87177
119640.0
41.26
-0.2
4098.0
0.07714
5.64417
124.16851
769227.0
1847.33333
190.0
152972.0
58815518
7244.0
7874.0
2
1617422.0
-0.00867
0.85333
2011
-16180
13262.0
1233.8
0.056
0.25313
438731.0
0.00984
-inf
224.0
246.0
1.19161
0.19669
0.06417
-0.42539
-0.00031
0.92525
2.89
-290935.2
35.21739
3355.5
2009
environmental liability participation
-0.03229
0.0253
0.18186
620
2
1195.69018
306012.0
Gulf Coast
-0.99967
-0.3099
2016
0.02602
92.16667
3000.0
9842056.0
0.0753
259661.0
17955.0
no
0.12624
353266.0
2
763820.0
134.0
341100046.0
0.39349
752.0
1.0
0.95594
25.50159
59.33333
366.09302
0.0
59.0
5798.1
2037.5
-10126.0
980
14.8
3.1
2006
-inf
2.88
91.87931
1.20334
30.33333
10380.0
1e-05
284.0
20.6
625.0
0.28162
0.21897
0.8277
21.69048
-65247.0
0.8067
2008
4782.59034
2634.0
2711.0
-inf
546487.5
2400.6
72393.33333
103969.0
2010
2013
232131.5
365.1
2005
10925.0
19103.0
3.46
1591657.0
0.35375
196724.0
4.91304
28506.0
0.05
126.39362
2013
-0.25758
0.05954
668.0
0.7893
690.0
4
2188063.50759
2017
51870.19132
2007
60040.2
93994.0
December 31, 2008
2003
178.94681
2008
139733.0
53.2
131570.0
9214.0
7
-0.98548
-0.08667
-inf
0.26368
3
0.03181
2015
45.2
913.02
160.3
199439.0
2011
79.575
4159.0
233.33333
0.02787
292797.0
405.44
0.04806
2
8360.0
108889.0
8759.0
% change
-0.02376
133.33333
0.5111
1843.0
2015
4713.98633
1.06253
