9805.0
21164
0.30983
472821
1.0
663.2
22
16826
2.4
134.21739
-0.06914
68253.0
120000000.0
0.04
2007
1186.0
268.1988
0.96071
28580.5
1503.0
2008,2009
273.69
13300.0
73316.0
0.7352
7024.50012
172.0
56509.0
31614.0
152432095.68
97301.0
2009
428.65
346930.6
13930.14146
1278.0
915855.0
18833.66667
0.3626
48.0
611.5
2.79655
4960.0
0.45
47566.3
169317.0
0.21795
86095.0
11094.0
0.11621
0.16667
1045862.0
0.06452
-0.0934
509
13.4
0.3907
16539.0
103332.0
86.0
0.00355
2016
2694.0
-0.01992
0.04196
2011 2012
-0.19333
0.19473
29.0
0.19088
2915.5
63900.0
Certificates of deposit and time deposits, Corporate securities
253415.85
41284.0
8033.95
7456.5
1.43
1187399440.95
5509.0
3764.5
17408233.5
4148.0
2016
702.02143
9.28167
2
17717.0
7546414.0
2004
2017
153599.0
56.01494
0.0346
16289.0
0.30467
0.63462
12
-147.0
3055.0
16756.0
2016
2008 2009
489.8
2014
0.04239
1255
1
No
2007
5.1773
28.76
1104649.0
860837.0
544.5
2006
48.8
1926.2
-0.13636
-0.021
2017
2119012.0
-0.05184
5279.0
27.0
230.0
-0.97
6.2
2100.34161
9456.0
2014
8.0
1.01823
29681.0
1222833
3177.5
-0.03006
1716.0
108.0
559149.0
77631.41569
-0.12338
-10106.0
0.67595
21366.0
0.06815
521.7
Service cost, Interest cost, Amortization of net actuarial loss (gain)
209653.0
2253785.3
867.0
40091.0
1543321.0
5326.0
15272.9
40728.0
4444.7
129316.0
-39.0
Retail
155051.0
2596650875.0
1184.0
1007.34418
3265.6
0.27867
No
December 31, 2012 December 31, 2011
Net Unrealized Gains (Losses) On Investments(1)
336525.0
1026.0
325143
-0.04742
3
7595923.5
0.04337
403.0
2006
550420.0
2017
0.15305
751
1658504.0
-0.38994
19988.0
7515.5
13764.0
2013
1874.5
95979.0
0.9447
23650.0
73.08824
3614.0
3601.0
no
28.37
2.94382
139.80583
28662.5
2114770.5
132.0
2010
10583.4
86221.94408
-0.17588
165.33333
235765
102.0
1459
0.30614
1109.15
66421.0
8508.0
2017
62463.75
53.54879
0.5
727.0
399.5
-0.16456
180041.58004
10.82621
-0.08696
1.0
37473.0
2017
16658.0
1252.47135
2694.0
12929.0
40752.0
0.01497
-0.10563
-0.08157
0.7
4756.0
19777
0.08237
2018
0.20213
201631
10604.0
3.13115
151.0
0.21606
0.7
7501.0
no
28.0
1017271.57007
11215327.0
102.97
-0.56939
70670.35
0.0674
448284.0
12863
4369.0
-0.07843
131351.0
366110.21238
0.46011
9.36269
0.02068
4059.9
2016
1113.0
0.05896
16522.0
4
833.0
1850189.33333
7816.0
-0.94928
-0.12371
4800.0
-0.29412
104.0
1373152.0
16195.5
0.11895
37
2023.5
0.55045
3038.0
-39.0
1689.0
0.11713
557563.0
5507.0
29562.0
27522.0
5596.0
8560.35797
0.11251
9636.1
0.17612
0.06742
38467.0
3.03333
2
42
0.63912
256705.0
Evergy in 2018
1461.5
20454.00863
11023.5
197224.0
4268.0
101436
648.0
12.1
23787.0
-0.14369
4248.0
3.77244
1551840.0
391620.5
0.00608
0
-0.05871
18247.0
1148
0.01936
179619.0
471.0
no
-0.01136
5.5
1.11088
0.00666
2014
0.15292
0.05781
0.04822
0.02893
696.0
59.5
0.09107
0.01966
101309.0
17312
11454.0
185759.5
2004 2005
1.00447
1314.95
2013
49.9598
0.41962
108016.0
70.15
22074.4
6492076.0
55063.0
Non-investment grade
7682.0
9.0
715039.54266
386.79719
34786
306.3
0.73215
36012.0
2008 2007 2006 2005 2004
1.15663
99.0
5116.04125
0.20199
4096.0
2012
0.1954
-0.0325
0.76683
1184
2015
524672.0
3.96296
6251
738.1
2010
yes
0.98847
0.45018
793006.14492
2009,2010,2011,2012,0000
28932809
4907.5
14.0
17605.0
0.04969
1710.0
2016
2702.1
0.40678
4039
40558.0
0.855
20605.85506
1795.0
-1.98039
251.3
317965.5
8457.5
0.15
5515.0
27.0
151628.0
-0.12581
0.06897
9125.0
0.5125
6064.0
12028.0
5931.0
60403.0
0.66628
13266.5
6384.0
480.0
-0.08253
202603.0
0.61272
395246.14098
167.0
12545.0
13003.0
6657.0
119.0
240.0
10763.0
0.05698
0.28485
-0.34
25123815.0
51643.0
-145.0
312.0
no
21694.06038
872.0
2
192.64126
1568.6
15296.955
798.1
210.0
74856.5
1848378.0
45.0
34.5
3.18
1835.85557
25987.0
2
15.45
2003
293.71728
2007
0.03008
0.02583
2007
250
0.52778
0.02978
2014 2013 2012 2011 2010
128942.0
2010
0.50597
403.5
8883.0
0.00415
254.0
249421.3
0.99386
19741.0
50336.0
139464.0
4715.86203
0.39706
0
13319.0
143.0
3902876.0
2.39766
0.02465
1237.0
187.5
9008.0
42649.0
-0.56552
1422588
131340.0
0.07697
916.0
-1.26386
1775.33333
179.0
0.10714
10657.0
14519.75
1554911.0
86740.0
1
128108.0
20199.0
206395.7
0.47059
153555.0
38.01
-0.12845
44555.0
17276.9
51568.0
89.0
43.75
94513.0
538.0
0.27941
0.14803
11.5
1
4242.85
71224.75
82779.47796
-0.9
1.12245
6
4695.0
no
-0.04722
351.0
0.18154
1617.0
28353.0
0.1877
119.75
2013
0.00444
8
20436.0
0.07427
no
942.97446
36664.0
Level 1
1.85
0.26856
30.0
163112.0
154.68033
256021.0
9.8
0.41871
64.0
2001.5
0.08571
9947382.0
0.00236
340.0
2574092.64
0.04387
-92.0
2010
0.26667
864981.5
-0.33383
231341.66667
2013
0
62.63
0.57143
1177
0.45185
1
3457.0
1170.0
0.09866
2010
114260.0
No
0.15
0.2235
-0.61818
0.07407
9966
13.5
0.4
1265.0
41.5
196.0
0.13681
2.0
98.88235
0
1 - 3 Years
120.0
7443
AmortizedCost GrossUnrealizedGains GrossUnrealizedLosses FairValue
5377.0
34262.0
159.0
592692.14
1.46735
2015
2006
1192.66667
1224622.0
2022.0
21.16
0.0072
7504.0
2.5
2407.0
53.2
0.15789
43.0
0.23529
-0.05094
0.30857
83.0
2005
4.05357
91180.5
-0.51513
0.07615
-0.06815
541434.5
3968.0
2015
2015; 2016; 2017
917.0
-2627.0
278899.0
150.0
8510.3
6969.5
0.3254
4151.0
275.0
U.S. Treasury securities and obligations of U.S. government authorities and agencies,U.S. corporate public securities
0.06425
416.05
2010
0.14447
2.33333
0.5355
Balance, December 31, 2007
2007
1469899
415551.0
3039106.5
0.50946
16718.0
2
2018
-0.00613
-0.07466
12.7
665.5
2114748.0
1257.0
2010
1.48857
254274.0
184.0
1796.0
8183.97693
554.0
58.0
2065.0
1038462.0
1.4
0.08607
9.5
411.0
4125493.0
0.03831
case reserves
2879.5
1305.9
0.04598
1201.5
2011
42265.0
15341.0
0.03005
3434387.0
2006
79.12717
0.43071
745.0
191060.0
1287.33333
0.56
68627.6
1.14957
5
20623882.0
1901.0
90503.0
9
18696.0
401.0
no
27981.0
yes
1.08613
0.19231
1115.0
1432.0
2181.0
14174.0
113.06943
Yes
6.87209
25278.0
106.33333
0.12499
0.1619
0.76371
6699.66667
24.36
0.1467
55199.0
3468.94997
14980.6
1257145.5
0.65672
2
93.01
21.0
17447.0
-0.16495
927974.71065
6647.0
9887.0
3.0
2458.0
0.06349
940.5
399430.0
3
0.07839
83019.0
6297.0
0.02075
2114.5
23016.0
0.12159
0.0809
20.5
-0.05651
263.9
-0.09409
1458.0
2011
-0.03057
0.98849
1729.0
6896.0
105171.5
yes
382.66667
5722.8
3860.0
0.64078
1.7313
408044.0
2583.0
0.02334
0.99766
1533.0
0.04888
3
187000.0
10718.0
592.0
289
0.11538
3754.0
17813
2546.4
48607320.0
1.0
0.49383
2006
1.64384
2008
0.38375
76.5
29.72
0.03987
0.00912
1489.0
189.87
0.06134
0.01661
-0.41837
0.18868
631.0
1898.0
3.5967
0.57031
2013
142.81319
19878.1102
0.05556
1120.0
434.4
8.5
8921.5
1774.7
11.52066
-0.76
60646.0
37748.0
2.29787
55429.0
36137.0
-9.22
447347.0
345.0
39757.0
1.21766
331.5
0.12527
63350.0
48875.21416
3250.0
2013
1.05789
0.03576
606
0.44234
24.621
Total fixed maturities, available-for-sale-1
-0.20091
-0.3
3850.0
44.0
0.2
48205.5
0.21156
1793.0
15550.0
-0.13333
0.44104
-0.07241
46383
99679.0
1318
312.5
2012
4258.94
5307555.74393
5428
0.8
561.7
0.44342
0.70157
18.0
18
-0.2199
29812500.0
-85.0
8402
119457.0
0.11019
2484034.0
0.19465
16.1
Southeast, South Central
0.38947
4391.5
9940.0
1049840.0
1422
72075000.0
830.16
0.04275
Carrying value(as reported) Amountattributableto SVBFG
-0.00694
159.29759
0.449
3341939.0
7149.5
1.0
1850062.0
3381.0
2007
2393.0
-0.01644
6048.0
2221.0
9847.0
3719.0
85.95482
4269.0
227.0
1.5
16994.5
1
-0.09656
-102300.0
-831693.0
no
2010
0.15686
19.01357
-0.12353
21422.0
5337.0
7974.33333
363
34800.0
7697.0
Yes
2005
3437.4
218.0
3858.0
7263.58544
3864.0
9189.0
33386.0
0.0339
0.36154
0.11029
2010.66873
12341.0
-0.49927
4
1.91971
0.01328
2011
2014
0.34146
1115.0
269.0
4327.0
92427.0
950000.0
0.05311
711201.0
0.78035
0.03114
0.96917
-0.03065
0.1974
0.16744
0.00427
1805.0
43700000.0
1.69492
2011
1
0.06757
4476079.0
55.0
2007
0.15408
6.7
1610251.0
34321.33333
0.63802
5864.0
13059.0
2009
4148.0
3167.10295
-0.04144
0.04601
772.0
0.2695
13.8
477.0
2017
8705.0
524.66041
3876119.0
37617.7
0.01859
-0.41681
4794.13766
1.69
12.2091
56.0
626.91207
793.7
-0.02777
7.7
61.0
-0.44583
12182.85714
22181.0
2010
75.5
1.7
0.71782
1.33721
21.0
1740.0
339.0
-0.74163
0.05128
275978.0
463073.0
2316.17131
0.65
1
0.07239
3760.0
3845.20465
2009
-0.28114
0.23285
2010
422495.0
No
8889.5
200.0
0.28244
-0.19831
2
1.20748
57247.55333
0.2146
97344.0
15433.83944
21779.66667
480174.0
80.0
26886.5
60.23
3.0
8547.0
0.11218
3
2013
-0.01197
-0.59618
47847.0
0.45308
0.65822
0.54
77.65
310.0
0.01673
492264.0
-0.05415
341489.3617
0.12036
-39.0
0.17416
117.62
152443.0
528.4
19492.82834
0.775
4.52811
8859.0
71.5
1.28
52.0
33919.0
2992.0
1.27034
0.11765
905679.0316
2.69
0.97333
13.81517
112.5
8377.0
102.0
0.11538
2006; 2007; 2008; 2009; 2010
0.46
0.13371
4818.0
39022.0
0.10095
0.23419
1049.4
2018
-0.03327
186.12755
14014.9
1565.0
3
0.0192
1534.0
113.0
11429.0
0.13878
0
2001
181.75
360.0
8954.0
0.00918
1974285.0
41289.02289
491453.0
-0.05333
7073.66667
7354.0
866.52242
8018.13505
2018
0.14073
5043.0
3556.0
2
627515.706
2007
1001177.66667
4928.0
2009
1.0
Balance at beginning of year,Additions
no
3052
4083577
0.08917
432.0
192281.0
21073.0
-0.32673
2015
3659.5
Total stockholders' equity
0.07945
0.29669
935702.0
3839.2
7
21562.0
69.76
0.43127
17575.5
Revenue
0.62821
2867470.0
0.00654
2006
0.0504
-0.05181
5.0
1575000.0
0.03133
0.7415
-0.20646
2008
222
1259543.0
21776.0
1124.4
869
-0.07627
449.32075
925053.0
0.52649
0.2843
1714084.0
-86.0
1.48936
0.05506
54.5
5233.0
94.75066
2010
1232.5
118.184
15174.0
5.0
12188.90269
33737.0
2173.35
2010
-0.13029
-0.11825
34.659
1465.0
49191.0
5.33333
1479
0.38096
0.09611
892.0
0.25275
75427.0
-679.0
-0.36429
3711.36667
52500.0
2165.67902
463.0
675258.0
2006
68.0
3 (Public,Private and Equity securities)
269762.0
0.00067
3131.5
34962.0
0.05793
No
0.6
2010
45885.0
221839.76387
5291.0
23882.4
10380.1
14893.71606
1501.25957
299.36667
1636.2
280.0
165.0
0.0708
0.0197
356.0
11288.0
0.09403
0.04439
237871.80987
17.0
1800.0
0.25594
Consumer loans excluding loans accounted for under the fair value option
7947.0
0.3783
442.0
12543.0
55748.5
16.965
1181.6
yes
479149.0
644.5009
18.0
581.0
0.08279
0.01606
67.4
0.00307
0.07692
3.595
768.0
7547822
5193.0
0.43339
1580.0
401.05
963
0.13462
0.10562
-1965691.0
23.5
648.7
4163.32418
0.01297
28112.9
9667
8.08481
4050.0
2699.0
0.01435
2375.0
958.79837
372
Net sales to external customers, Net assets
0.05335
1371.0
2011
439.5
0.05587
2014
62560.0
2015
12833.0
4774.0
2011
4.12
0.22742
0.70987
0.0339
Yes
2011
No
23624.0
3160.06225
83.9
1528.57143
57736.00385
0.05821
4239500.5143
407.0
14125.0
2009
-184.09091
296.32385
2015
2015
48383.5
68.38636
21650.0
0.04385
0.10464
0.0382
5624.0
3292.5
1958.0
0.25612
31367389.88
-0.25147
0.42833
0.02584
3.1
6786.0
339055.5
199068.0
Real estate joint ventures
Fixed maturities, available-for-sale ("AFS"), at fair value, Mortgage loans, Short-term investments
118127.5309
781470.0
509668.0
no
149.0
-13.0
1073.0
5011637.0
Yes
1126.0
6250.0
Guarantors
73741.0
2005
4339.0
1.85375
7743.1
2014
6133.5
4.75
148.27586
153297.0
0.45308
2.59
492229.66667
1302.0
0.1259
0.1722
-0.1407
0.01887
1440.30025
1.06289
648.0
30095.0
No
33287.0
NO
15214.66667
11317.0
5632.0
4131865.0
7238.0
Second quarter
106.98876
0.26807
127288.5
2018
12869.0
Gains for Fixed maturities, Gains for Equity securities, market value
19526.0
648990.0
0.19392
161587.0
0.05451
-0.24
19733.0
737.08277
82216.4234
0.38462
21
31544.0
148.27586
-0.3142
0.0858
no
21.6
4191927.33333
0.06004
20.926
414263
2512.0
2442957.0
513
12.33333
0.22785
1.0
1.11111
128.44444
0.21607
107.44048
-5.0
107.2
1550
0.52445
2017
2017
654539.2816
0.05549
127132.0
21417.0
-3.3
8.0
22.0
2
99.0
2007
1374.0
542.33333
31955.0
91.5
0.03431
-454.2
0.02716
15697.0
5.4
0.02257
0.08716
4
3
422317.5
No
1338.65
186.24031
2
91612.5
4.3
0.11743
0.38537
0.28444
2618650.0
0.16376
1.7
19.9
450549.5
0.03421
-0.02033
153535.0
0.08209
0.1365
-0.36842
683.0
2199.01308
0.62977
134192.5
1142.0
6:commercial,Commercial real estate,Non government insured,Government insured,Credit card,Non government insured
19250.0
37385.16357
16967.33333
2286.0
16583.0
1407.0
7294837.0
no
410.0
16122.0
0.35029
138588.0
2007
34432.92683
2007
-0.10285
1
0.27
7816.0
13.4
0.36152
-0.15187
76685
600.5
-0.461
1852335.0
734.44
1728.33333
0.08
111304.0
1912
37.36689
0.75
11872758.0
0.28148
0.01128
93.34548
451.97324
0.72768
0.33083
13928.0
2695
784.3575
1074454.0
2010 2012 vs. 2011
-0.0625
2
53.4031
0.43137
940.9
0.0
12.525
28151.0
6774635.0
Net Balance
3171.0
22480.0
22553.0
-1.0
4265.0
333.33333
1.17037
43.16667
5647.8
5413.6
20486.0
8619.47508
5597.0
647.6
1311.58321
1958.1
3529.0
119.0
0.00162
2009
198219.0
33.7
Gross Carrying Value
0.40423
15997.0
0.1682
241.11
-9.0
0.1067
347.0
160.0
1.0
56.33333
10473.0
246.0
16394000.0
2246.0
275493.5
-0.21828
850.0
2012
0.87714
3466.33333
0.01872
2005
Stone
1198.0
0.72192
11248.0
2014
0.98
0.06598
-29.96667
1830981.0
0.044
1386294.5
0.07042
23.31
1263
211.80672
8079.5
0.14052
1383019.4
1634254.0
6954555.80422
0.6511
2011
15113.0
0.5704
3102.5
16446.0
2
178470.0
0.81857
2928.0
32586.0
0.10745
193854.7
0.3747
-0.1848
454545.45455
2017
0.43829
921727.0
-0.21
1.3386
-147963.0
438.4
4
9269.5
2008
-0.00414
0.06327
102711.5
0.07341
4349.0
-53.0
0.48701
1930.5
0.28656
Amortized Cost, Fair Value
0.49927
2523.2
1.61088
5018
8786854
0.0699
2948.0
1843812.5
5098059.0
264390.66667
0.29033
4016.0
2.03289
4.05263
0.02343
0.07077
34325.5
0.39913
6814.5
0.10995
-188.0
2014
60717.0
144315.0
0.76471
15.2
0.5
-0.05038
-0.03264
0.6128
56887.0
25424.0
2002
Service cost, Interest cost
-0.05034
1
108.7
Fixed maturities, Commercial loans
-0.0274
14256.5
0.5042
0.01178
248.0
67377.0
2.1
0.9827
4914.0
0.03128
6445.5
2015
37713.0
10302.0
0.08958
234338.0
101.0
0
16.0
2325376.25251
1239.0
9
0.15355
Retail Financial Services
Amortized Cost(860)
2009
37.0
92792.0
185982.0
258719.0
545625.0
0.87238
20.78
71963.0
87.0
0.20421
29546.6
1627602.0
0.74953
887204.0
1057707.72631
0.08889
0.57128
0.27755
820.0
-0.06328
0.15838
54763818.0
-5.35714
-0.00835
0.69405
2051.0
0.11302
7123
576984.0
6.66667
68778.0
-0.11467
85536.5
3925.66667
4946.0
15360.0
327.5
0.15447
0.03883
1.15527
418.0
385.4
10
530.57143
14266.0
0.0941
NO
488775.5
2017
0.28527
3080.0
22.77778
no
83.3
9.65
1789154.0
4886.0
168.0
3.0
226.0
-0.16675
2016
0.9951
847.33333
91300.0
81.35211
63242.0
26797.0
2017
0.10644
GAAP total revenue
0.76667
332862.27976
-32.0
0.06665
0.34682
0.37618
-2701.0
13892.0
-0.11139
0.27179
9119.0
0.079
394543.2
-0.20051
4722.0
47307.0
1012691.0
-0.00487
no
10044
15193.5
2.6
no
8523.5
1
2
951252
5485.5
589.0
119941.0
46694.0
Less Than 1 Year
128469.5
147.5
0.52221
0.1205
82.81446
0.14452
188423.0
-310.0
1973033.0
2014
112205.30805
0
9880.0
2007
2.93
2007
97374.0
16828.0
11385.0
5576.0
2012
1205.0
Total AUM
309.1
2018
10371.0
12511.0
610
4856.0
6551
-0.00397
50
241.0
2010
0.0612
0.22277
32517.0
2016
8025.18168
24950.0
-0.07792
573
4789.0
14.0
0.18497
2010
417.1
61.9
0.06198
2
yes
45.0
0.36892
0.4
1957.66667
422733.0
2590266.0
2014
-0.58333
6542.0
13020.5
0.75742
-900842.52252
23.24
5627.0
7936.5
2015
4948.5
December 31, 2009 December 31, 2008
149.1
0.03507
476.76333
1782.0
7585.75
10304038.0
117.84
194.0
0.78042
0.13102
10855.0
5.325
4211.0
435800.0
498.4
yes
0.43381
-0.0258
0.31325
2018
0.24723
0.07873
3331.0
-31.0
2017
886058.0
0.58571
2073.66667
69152.0
0.49675
139464.0
0.25838
14.56383
0.46847
1630.66667
12897.4
51.88235
2
104.0
2016
-0.01619
2005
2
442981.66667
23862115.70318
-0.01544
2
0.16
27032.33333
0.04462
2012
-0.00017
0.06063
5.4
0.20705
31.0
416682.2459
99686.0
0.43961
0.19286
181995.0
16.75
-15.0
1983.0
Re-acquired licensed trademarks, Customer relationships/lists
5318.0
-0.5625
2187.0
Actuarial losses (gains)
12113.33333
10537.0
6457.0
66673.0
0.02459
December 31, 2010
-0.0291
352
23196.0
7913.5
4926.0
2014
1443.6
0.26914
32201.0
8106.0
Restricted funds, Mark-to-market derivative asset
5032.0
Total
No
0.22423
0.11563
24444.0
16122.0
-0.17742
1759145.0
0.19958
2012,2013
2004
0.05432
0.41123
Government guaranteed, Residential pass-through securities
184.5
508.2
23977.0
3623.0
187491.0
337
0.03423
56.05455
2009 2010
-0.21935
0.06723
1114.0
2008
1.19516
5004552.88861
1809
2015
60.44444
0.1014
11152.0
2008
0.52847
23697
5805.0
19310.0
87104.47852
0.37187
324841.0
0.04866
yes
2399850.0
0.61816
92.0
796.0
2015
12362.0
1
42.76863
23411.0
-0.03044
800000.0
1.4847
2.71233
322.0
45205.44047
-53.0
1026.0
0.96203
385.92628
36689.43756
No
19.0
4.1
12108.0
yes
-279.0
1232851.0
193.0
135794.0
0.37949
0.88189
628.25
0.10875
2525.0
7433.0
1800.0
0.29458
0.2646
2994922.0
14350.5
29217.0
0.38742
2
2003
0.20527
0.11182
3046956.0
0.02208
898278.0
5524.0
H&R Block, Inc. (Guarantor) and BFC (Issuer) and Other Subsidiaries
1874.0
8700.0
0.04199
8237.0
1026
0.82906
-0.37754
1849700
1341035.0
0.33873
977302.0
20.6
925.0
0.09859
0.34223
0.19922
295.0
0.51885
0.11314
1597119.0
2011
0.7619
6261
8823067.0
0.35033
15172.0
2010
100.0
2014 2013
88.57527
78981.5
2006
45122.0
0.05173
High
-0.1875
2017
7670.0
493
0.07091
15814.0
0.28943
256.35
3.8
2.2711
-0.1146
1301.61729
5
6710.0
-0.13523
16.43
1421494.0
2004 2003
3272.66667
0.54194
6135661.5
2011
44605.89781
2004 2005 2006
4
2017 2016 2015 2014 2013
9636.0
6507.66667
No
0.06542
429192.5
13549.0
684675.0
2577.0
82636.0
2010
501979.0
150.0
47436.0
145781.3
0.59904
258378.0
0.39716
2017
0.09841
2832.0
-0.18972
410.0
71571.0
No
0.32759
1297.0
1785.25733
2859.0
49140.5
99.1
5666000.0
0.03008
2958
593.0
49
4348.0
1.01162
1675.5
2011
789.0
0.32378
12165.0
0.22991
6132.0
IBNR Reserves
10203.66667
116888.0
375.5
0.0538
22.5
5533.5
3842.0
59054.0
0.02114
0.38554
89.26
11.8
571.83365
5177.40895
356634.0
2004
-0.3617
358.0
28.05079
0.17277
917.42113
208.0
1712343.0
-0.06932
24435.0
4874.0
1805.0
4256429.0
2363.0
9812.0
634011
2014
600.0
-0.28029
15961.0
11493.5
-0.01141
1882.0
-0.91824
2007 2008
-8.2
3
798.0
1052.0
7371.0
0.21608
66960.30757
3.0
0.22513
1.0
9
89138.0
3205.0
87.0
U.S. treasuries, U.S. government-sponsored enterpriseobligations,Corporate debt securities
0.78
-0.9129
0.12418
2
2015
0.4971
0.65251
290701090.0
322982.0
Yes
66.258
4894.5
19594.17926
194.5
1307.0
4.23288
3960.0
4159.5
-0.33395
23142
9366352.0
586.0
1224.0
92591.0
2005
-0.46341
0.25349
2003 2004
1658.5
20.202
0.13482
2003
8693.36681
5459.18827
2005
0.51111
222.75
43336.0
76.33333
264.0
0.01095
3.03603
540.17312
0.03448
2012
0.06593
0.22986
0.0142
907.6
27898.5
December 31 2015
270012.0
0.00952
35.55
-745.5
0.43121
0.28412
0.9575
303569.0
18182.5
66.33
0.16398
51.77305
three months or less and Greater than three to six months
yes
2050.0
0.06209
-0.0625
1316.8
5258.5
0.03364
5075528.0
0.05657
-8212.0
117.0
2008
0.14577
12773.0
3456.8
-0.06217
4191.0
69505.0
45.35294
3418.5
2016
984000.0
501979.0
28665.0
351956.0
2015
0.04487
-628.0
29464.0
75.0
47611.0
-2.0
1736.0
0.3781
715654.66667
1.20507
Europe/Africa
22000.0
2
-0.05434782608695652
-0.53348
5804.0
184.0
133.0
0.21212
47.0
44875.4
6094.0
0.32
321062.0
62445.0
-3.56741
1767.3
2001
2351.7748
Projected benefit obligation at beginning of year
-0.55496
1.44885
2008
2016
633544.0
0.16667
79
38826.4
1523.5
-3.0
28066.0
2012
0.8091
0.33333
0.24147
0.00107
1905.27983
-19.3
9554.0
0.49098
5113183.0
44.8
4396.0
0.15008
6554.95
10.0
466602.0
-0.21641
2017
2009
0.00969
0.19444
150.0
284.0
99883
1112.63698
696.0
Less than six months, Six months or greater but less than nine months, Twelve months or greater
1.4
0.03208
2
2008
1314.4
-0.04355
0.14394
0.02041
749980.0
293866.0
0.14976
-0.67267
0.20513
39189.0
Delivery service for retail access customers
3042.0
69015.0
1388.0
0.10353
3314357.0
0.78533
0.49695
186734.0
0.75033
55.0
19611.0
Natural Gas Wells in Gross
3249724.0
570.2375
450390.0
530.57143
183.396
-0.34435
0.067
0.05469
cash and cash equivalent
64.96
-0.02075
21.2
35.625
-0.08766
yes
-0.05315
0.11829
120.7
For the year ended December 31, 2014 For the year ended December 31, 2013
0.03711
0.39739
-0.30636
7631.0
20486.5
2.08012
3472.0
2009
3048935.0
2717.17532
0.08042
3832.0
2010
0.0076
2
0.36364
1.57143
0.31085
0
1
4149.0
440.44622
18865708.66667
0.42659
0.09238
2008
893.1
343.0
0.38462
139369.0
145
16.1
-0.18421
-0.11111
11736600.0
-0.22472
18.9
2018
3248.5
1266.74627
92442.0
0.45919
407319.1095
-135.0
1.36179
11843.0
0.30667
73049.0
78539.0
0.20305
2746.0
5971.5
75.2
1923.0
-312.0
3585.7091
26.05
600.98768
-0.30901
0.0228
0.25
Stock-based compensation expense, Depreciation and amortization expense
0.018
1760795.0
6386
0.25385
8979
0.04651
0.36008
2168295
1592097088.97
2018
2013
2017
642918.0
2010
7095.0
0.80473
37.0
79.0
8723.0
-0.76216
1.51095
1430.0
635.2
61548.0
7274.0
9790.0
26.1
-22356.0
10619.0
1111.46667
21945.0
4670.0
2
1736239.10929
0.14356
438.33333
2011
1709
1.28655
no
5942.0
72377.0
6946.5
10068020.5
3634.48581
16177
699.8
6293
763
13.35
27013.0
24663.0
0.42457
5024.5
Granted Outstanding and Expired Outstanding
994.0
68923.0
No
0.42789
411906847.95
18023.66667
601.66667
131.0
0.13119
3810.0
-0.14903
0.11377
-0.0092
0.6652
2
0.24719
0.01938
2011
0.28399
1461541.86968
191983967.93587
12305.0
13506.90972
198.75
2014
-437.2
-194.0
2565.0
4413.0
0.11862
-0.25
1.65517
0.05
0.20888
0.0035
1156.0
4.46367
257.0
3183
25281.52
yes
1578.0
24537.0
300000.0
2016
0.02703
88.8
-0.4166
68974
85930.0
3778.0
73126.0
2010
0.11921
1695.0
655.0
0.02432
27.62
2016
397264.0
654.8
897160.0
749.33333
-142.0
Managedbasis
-0.07518
199
0.97656
56.52358
477660.0
241399.0
2776.5
0.07054
6497.0
2006
4154.5
1464.0
27000000.0
0.05556
14030.0
10975.0
73540.0
3413.7
31582.0
13516.0
1316.0
3900.0
2016
22912
-257.0
-0.10434
554496.0
2008
0.9749
1036865.0
-0.01439
-0.05916
9507.35852
9514.0
571918.66667
2012
51593.0
0.07039
108059.0
1.10769
4862.5
2008
2.39464
428122.0
3.12903
3438774.0
0.10409
148.304
Balance- January 1 2008,Balance-December 31 2008
491869.0
6719.0
7037.0
4.3
0.20588
0.58537
2018
2207.5
8607.37231
0.04
Home equity
3717
Commercial
24972.0
10270.0
620.0
10907.0
-0.10525
59751.0
953430.88652
11
14024.0
12378.0
60.84
-0.13201
0.1174
2013
-0.6
60300.0
0.35511
8171.0
3012.0
0.05565
1.42403
0.00136
0.05517
14702.02616
-0.14903
0.0838
379431.0
44657.5
-0.0597
11572.0
1.02949
470273.0
6302259.0
-7.0
-0.1218
0.28319
160.22112
2595386.0
119366.0
0.99059
No
40.33333
2.98651
2018
-0.04365
2016
Revenue,Operating income
0.00011
-0.04401
1266.0
4047.0
0.99027
2486.2
1
5159.0
47916.75
1372.0
5997.0
11228.0
63997.0
2016
320529.0
0.28213
1012.5
0.27867
0.18229
-0.03263
363661.0
868.5
5
654.0
8308.0
8976.0
2
5325.97007
59.6
0.18282
2e-05
3161.5
1.06556
12
26255.0
0.00179
-0.97
18375.0
No
11.18
0.15333
483.6
-124.7
-14.0
0.01258
No
8849.0
Pension
2011
19107883.0
4950.69525
16.2
834352.6
5366
2008
1023.2
2009
0.32512
0.02594
11.75912
yes
2004
10.0
-0.09537
0.01883
2592206.97043
3.3
2.93823
19867.0
3.625
0.8304
2.91379
0.5884
-0.58654
2016
33.1
24.0
644359.0
2015
7710.6
6
0.4
2011
0.67128
0.08918
8.45238
94.6
4795.0
-0.77187
16877.0
479240.6
382.66667
0.33552
6051.12265
421866.0
1.05172
1.0
Portion rated NAIC
20453.614
0.19436
179.345
795.0
0.30702
2017
789846.5
56.6
2011 Quarters
-0.248
0.37802
2004
469.0
yes
0.04115
2010
-0.01376
37.33333
21167.0
8568.5
1847.0
2.7
17.0
0.47432
0.06682
2016
3321446.0
-2094000000.0
168335.0
1.80783
1562.5
7244.5
0.74893
0.07858
-0.01718
-0.31738
1080.1
5.59352
0.54126
NO
No
110.30247
365.23343
-0.13772
67484.5
0.02812
0
11883096.0
0.01
38.0
0.08415
5.77778
353.8
2.14775
21549.5
2004 2005 2006
56.57146
18.10055
Qualified Defined Benefit Pension Plans in 2004
136.5
69387.0
534
2015
1922382.0
2008;2007
-0.25983
0.38648
13203483.0
2012
0.14607
1166.06548
3979.0
0.0
-0.77358
51219.0
1385.0
0.375
8681.0
4.43081
13.72727
656.0
no
99000.0
7654.0
1.11659
161.9
yes
0.4
32060.0
yes
-0.64726
2034.0
-0.09411
1.03164
Home equity (b), Residential real estate (c)
4037.33628
0.19201
2.28571
0.49524
242524.0
10311.17695
31380.5
9893605.61432
284742.0
215.8
-0.26264
2360.0
14.8
99.0
-0.00317
855458.0
3
211.0
14201.0
410.0
2012
11671.0
Year Ended October 31,
10400
1083.1
3763.0
2010
-0.00831
0.18522
-1.15007
649
600.575
243.0
72962.0
501
0.79682
0.48441
5281771.0
200.6
2.14371
0.67679
2006
-0.42094
0.07273
100.0
1
-0.24071
4.96667
183620.0
0.8749
-0.01432
38779.0
yes
-0.16071
488.0
278.2
41
2005
156475.0
152114.0
2013
65
11231.0
4230.1
2009
0.20564
313006.0
54994.5
-106.0
44383.0
5872.29969
0.03621
25179
2008
268.0
2015;2016
1
96048.0
24050.0
101.0
11.5561
0.0486
10215.0
3951.0
yes
12994.0
2005 2006 2007
-0.0156
0.00042
2.85714
1 Year or Less After 1 Year through 5 Years After 5 Years through 10 Years After 10 Years Total
278155.0
0.41313
0.08559
821.26196
2009
0.13253
4788.31238
0.72549
2027
185982.0
0.96386
-175783.0
0.80822
1422.0
2303.0
1163.53616
0.07184
2013
60.84
4221.7
0.46729
238.1
23029.0
35.1
44.5
Revenues
6463.03293
707.0
0.81463
No
137.5
1537.0
32.94235
2009
46330.4
1190526.1
0.35682
2007
No
-16.26667
0.02068
1904790.0
0.4351
19780
7170.0
0.0922
2948.0
0.44623
348184.8
51.11111
Yes
0.99363
-633.5
0.04831
commercial
0.21923
7506.0
105778.0
40611.0
2
191632.0
105644.0
0.09069
20558.5
6371.0
34.09333
3851.0
2013
261100.0
90.0
0.00909
0.51481
30006.0
0.08956
-0.02193
293.0
327284.0
228463.0
8476.02
319380.0
0.4
1.254
-0.05114
2858.0
5080068.0
Fair value
2009
7747.0
-200.0
2014
211753
20854
-58.2
80278.0
25.09
Consumer Bank
280306.0
1806.0
-16.0
96377.81452
0.03231
2006
0.06438
No
0.65625
5621.85
premiums
0.1221
23140.0
2.09
6355261.0
26.87903
1864.3039
59082
3
186
1446527.0
262.5
1198357.0
0.05711
72.0
2015 2014
416.03922
0.42453
0.16026
0.46049
2014
2014
1.875
12573.5
5260.4
3.61856
PFI Excluding Closed Block Division and Japanese Operations and Japanese Insurance OperationsPFI Excluding Closed Block DivisionTotal-5
103
62.3
479.0
13829.0
1.30303
2097150082.0
0.09425
34628.0
53069.0
-0.78785
11448.0
March 31, 2007 June 30, 2007 Sept. 30, 2007 Dec. 31, 2007
4
35.27
0.1375
469.0
36782.0
2010
-0.22307
2019
0.35947
12584.785
0.05789
46091.0
Number of Accounts
123819.0
868.2
11195.0
85.46569
124327.0
16.46435
6898.0
11384.0
0.83752
1648.33333
2009
0.11491
2976.0
2011
0.30648
86952.0
0.19366
45.0
1010215.3
0.30303
2011
-0.06185
91251.0
United States
1
2001
4902222.0
5755.33333
yes
0.32139
2
2014
13260.0
1.0
-0.05556
288.0
1201813.34333
5096479.0
1.0
4677628.0
289.0
2007
0.77315
0.19588
23016.0
175854.0
96711.97714
5123.04762
0.09836
0.2128
1154.5
2011
0.07059
767.0
1.00361
20300000.0
-15.7
17
977607.0
0.40529
16794.0
2015
5.41
353741.0
-3.0
1.0
28439.0
30308.0
23.51613
1407492.0
77.0
277.66667
2009
2006
1
190.0
48560.0
2619.0
-0.06665
453.96
380.95238
4712.5
41356.0
7918.54652
2847.0
0.39362
3106.0
65.45455
39620
0.78481
2008
25122.0
843218
0.28452
253.0
2009
18330.33333
0.11301
3.9
848550.0
1534.0
0.06434
11.42105
158722.57555
24595.0
All other intangibles
96312.0
0.00088
no
-0.3309
0.41985
0.1704
1926.0
0.68368
0.07469
13071.0
2009
0.05048
0.02926
0.03704
0.81522
38095.0
2009
130864.0
2008
1.02712
1449.0
0.06958
74.0
0.5183
93988.0
0.55258
-0.14098
yes
19223.0
0.00763
29.3
8.71111
-0.73248
217329.0
91479.0
298366.0
0.8969
0.06555
11.15
200.08333
-960000.55
683684.0
5255.0
-0.19971
1229.1
2007
83684.0
0.278
1311.95
657114.5
2.75773
2008
533.8
-0.03632
9871.0
December 1 - 31, 2015
2522.0
0.12363
95908.2467
139.0
1909.48675
0.08411
11.2
1570580.0
105.33333
-0.06064
71.3974
374.11003
0.15188
2068.0
0.04258
1423.9
4.14286
2004
-0.60638
838.54843
169425.9
310.44565
124.7
-0.07905
7.0
-0.00972
0.21156
513
68979.0
0.21457
0.04993
365027.0
190.0
22856.0
28175.0
4502.0
112483.6
-0.2069
5189.7008
1.40595
594.0
1.04615
25.15
25.33333
0.14581
-0.11657
No
4151
0.1266
0.02023
359.0
6
2149.7
11739.0
-0.01248
190
-0.04159
1569148.0
0.86784
100832530.0
0.65153
1043.0
11531.0
0.92778
365823.3
-0.0894
96.0
192221.22
5
118948.0
0.6179
3346586.0
247.35502
10753657.0
109982.0
797563.0
0.0125
0.04878
0.11161
18966.0
0.07209
No
845774.0
3
102651
0.1479
Revenues
2008
828.0
2904
1068.0
0.84508
2816230
0.21977
61.65161
1563.0
254772.0
113.15714
8126.6
1.0
0.10157
3802.0
4390.0
2011
0.8
-1.0
17444.0
11989.0
285641.0
0.15116
3
11902.0
7510.66971
-0.27799
0.12541
2219.25
2007
0.60757
0.19076
849232.0
1.30931
287068.0
23678.5
NO
0.0432
594.0
0.90441
8314.0
-0.77366
0.49728
2016
2811.0
December 31, 2008
2010
-0.0562
0.08639
5.0
0.28654
2015
0.57274
-0.42327
0.11622
590378.0
50148000.0
4849.0
3163.0
58705.0
26.0
1953149.6
1468418.5
754.9
136.0
47.07
150.96
0.26894
0.72824
2014
13.9
6761.0
0.16478
220141.0
432910.0
0.19643
865975.0
0.5689
2007
9384.0
0.04187
-31.0
432548.0
6135633.0
-0.18442
8299.0
9632
46
441.46274
683408.0
0.02
0.33888
0.01067
3431.0
936
51810.0
13466.5
0.06105
1
108.0
2006
17804.1
12497772.0
48.69
2915.0
0.08
-0.1875
0.16418
1.46766
0.13401
27034.0
9822.0
15939.0
2007
1444752.0
0.2779
0.13462
31448000
1265644.0
253.0
3386.0
2009
10.55
-0.01897
1900.0
28
6417.0
324375.0
0.08
5311.0
247999
645.8
59.0
0.33333
6550
1.0
28400.0
2008
2007
-0.84104
62.0
-0.02587
2091.0
10.64348
-487.0
-1453.66667
0.52318
943.0
499.0
20
112562.0
-210.0
0.33365
0.10465
746.1
-148.0
4688.0
0.12169
785.0
539166.5
-0.0533
156.09756
36477.0
64.6
5
1393.0
-0.26339
0.83742
397141.0
-31852.0
2014
17801452.0
2.41556
Ingalls, Newport News
-0.05411
-231.0
49198.0
2
787.0
18476.66667
26.0
3053874.0
986.0
0.25202
0.015
5.36667
Yes
Total net interest income
-0.00561
440
29879.0
2010
No
39641000.0
224.57565
9153.0
-0.2509
49026.0
24650
0.52459
-0.49787
524.0
2005,2006
-6.36852
0.08556
12485.0
2014
572928.0
48551.0
0.98824
515.0
3.3866
516.0564
164499.0
0.0
7339.0
22330.0
-0.15453
2004
15507.5
806184
1026099.0
1934590.0
3288.39977
2.5082
374.8
1873565.0
Level 2
167
26633.0
1524267
1748.5
0.09231
477069.0
4582
14559.0
381860.0
-0.6038
960496.0
2010
no
60848.0
0.53731
0.7271
65572
0.25493
0.43333
0.42618
IBNR, Other benefits payable
1.17785
2015
618.0
0
1587.4
216708.0
2.71548
1133.0
3262.0
2010
Awards of Performance-Based Awards
21462
0.98113
2012
1527.0
0.0838
298.0
108132.5
11692.33333
0.05556
1155.79
2787.5
8.5
Liability Derivatives December 31, 2011
-0.05133
67206.36703
0.03091
90868.0
2250000.0
-0.00942
0.06287
-0.04444
0.15269
2007
-0.03157
0.39771
21587.0
0.09369
21406.0
5393.0
0.07916
65316.0
1.04973
37818.0
0.85173
1.75786
2008 2009 2010
809.74632
December 31 2017 December 31 2016
1327751.33333
0.15228
0.08333
296.0
2007
yes
1149.9
6838.0
2005
2005
15439.0
3529.0
380114.33333
0.14539
2070
315952.0
0.10638
0.90973
1.35345
0.66384
2009
47817.0
3041.4
2013
8395.65
193407.5
42.0
38.0
87072.0
0.39304
70.0
2010 2012
0.45588
0.09954
0.2505
181192.5
1
4801.5
0.12204
68.0
0.07341
1.0
0.12617
5940.9
0.12995
2804918.0
0.30912
21439.0
2013
0.05331
1.0
-527.0
14.38
62573.0
4377.37106
1
81.0
0.00872
1.9333
1.125
-0.74825
1282.8
5
-0.02439
1803.68248
0.0332
0
142.0
0.13183
No
0.11956
0.83333
0.00488
0.01112
2010
3
10708.0
772081.0
42467.0
7909.3
2005
36821.0403
3311448848.96
1050.0
0.14598
operating revenue and operating income(loss)
Year ended December 31, 2007 Year ended December 31, 2006
2015
11775.0
0.5
1785.0
0.19295
548.34721
452.01965
No
5
2629.0
431.0
17.97753
204.0
0.92222
111.0
1
1.0
1026202.0
1.625
0.09859
23.0
2014
398387.0
0.04982
1624.5
2008 and 2009
977607.0
2354.0
1222.0
53162.0
-0.02735
414.8
-0.05782
NO
376.0
5566335.52575
118.0
12200.0
0.07614
23836.0
30.42
4026.0
19.4
330200.5
3087.0
12.3
857005.5
2016
14.5625
6322
122
2012
356.66667
-0.15624
198801554.6
11479.0
2009
14597.0
Fixed Maturities Available For Sale
6
910.0
295790.0
0.55319
101225.5
0.12343
16.0
0.01019
20068.5
7591.0
400546.0
700.0
1063076.5
0.91204
0.07683
133064.0
0.08283
1250.6
428644.18308
3200.0
1389.1
546.0
-27.0
560534.0
108208.0
0.10843
-0.1
2005
26.6
0.87671
5191.0
11826.0
0.0163
0.31904
881.59341
5266.33333
14131
469.0
0.06362
5437
496.59437
0.18704
0.00342
2015
0.5647
1.0
1092.93021
0.52221
0.84618
6884.5
0.32812
4604.2
0.04918
10629.0
2099.94732
1103.47226
29690.0
0.31375
11.70588
0.16505
4027.5
56.0
0.00101
65087.0
4.18182
966.01467
17955.0
569.93979
0.0232
5577.3
-0.02393
Total Fair Value
878.74
38868.5
1633.0
153.80241
131.8
10593.1
10579.9
8.3
6.46
506621.0
883.5
12820.0
3158.0
200273.0
9413.0
0.36734
353810.0
5554.0
564.0
1065.0
yes
0.57143
7297.0
3
Corporate securities, Asset-backed securities
2008
0.06266
5979.0
31.1
0.01961
5040895.0
10.0
-0.03788
5.43333
4.1
0.33333
0.08929
5794.0619
2
1.08
0.00614
146.0
0.4
2009
1320.825
0.01767
2018
42
0.16965
0.39932
0.6061
4481.0
0.12644
0.029
3.13333
1.0
no
69.14
0.11444
2009
0.10482
-0.01692
339.33333
504047.0
2.1113
0.11191
3574.7
80952.0
1465.0
0.08496
25642.0
179.13228
0.3
37554.0
11654.0
3.55
75633.0
19.0
351.0
22.0
304.8
0.57926
2012
466.46667
0.05357
0.9334
-13.13333
1646
252165.5
2011
149315
19238.5689
22778.0
3
H&R Block, Inc. (Guarantor)
26.45
58.0
5023684.0
0.18004
4796.6
-0.52542
14.0
197.3
17.1
6000000
8041.0
132
5243.8
19898.0
2057.0
-0.0423
93.0
25746.0
-0.10456
1.73333
-0.24707
332316.0
0.37463
0.02083
39.02703
0.135
156.0
2013
-0.02896
0.15278
12.8
2
1978.0
0.6855
6.0
551.0
196.0
0.22482
12.1
1.01205
1699589.0
1.0
-0.01191
2017
30.0
20303.0
229709
-125.06
-0.43333
0.16
-0.52529
479484.0
2013
0.05556
2
2007
147900.0
62294.0
110169.0
2644.0
7326.0
0.04248
2014
2007
2502.5
3824
0.0
121065.0
61.0
32667.0
3
0.08916
69.52174
-0.0101
0.09785
461.1
919.0
2004 2005 2006
871.2
1409160.0
2008
225.0
776
136948
Greater than twelve months
4209812.0
2015
-0.11111
659.0
0.19798
yes
546.0
446.66667
-0.33616
416
0.02088
5022.0
1606.5
8485.0
0.48276
345449.0
9710.04826
2013
193002.0
11154.0
3106
-141816.0
590632.66667
1316349.0
0.01702
1628.0
4
-0.17377
0.09368
3784.0
638.0
0.1905
3206.0
-137751.0
-0.00929
2017
227.5
43.23
3054.0
599.0
0.11754
0.9
2816
Total revenue
900167.70579
-0.00546
38464.0
2011 2010 2009
-0.0411
16.07143
783.0
-5193.5
0.96042
517067.0
2011
394543.2
-0.5303
-0.10609
-0.14875
0.1326
15965.0
-9.8
3
264743.0
0.01395
2792124.42484
4
December 31, 2007
-0.71429
423
0.8
433402.9511
69
Amortized Cost (625)
5927.0
2
57331.0
0.11743
79.0
12.70383
10917.0
2009
1.25834
0.58224
102.66667
4700.0
-0.70755
-190.0
754132.8
0.30303
18161.0
12871.1137
yes
2009
63
41231.5
0.50868
Yes
0.05
5442602.0
2006
no
-0.16334
2009
2
0.07573
159.11142
-100.0
409045.0
-10.4
0.12343
0.08177
1275836.0
2007
1981945
0
-0.1
-0.01613
1338.5
1.0
14.6
224.9
0.25232
11756.0
0.25
46455.12203
1083.0
11.4
0.06165
December 31, 2015
0.00795
51768.0
2
2014
19761.56566
1
643748.83256
2023.0
3588.0
0.47447
16203.37684
34.0
330950.0
0.10417
0.81572
-0.14641
501.5
327.5
1482479
18330.33333
0.3495
7076.0
133.69231
-0.05688
0.34524
920.0
2007
1985.0
21149.5
-401.25054
1949616.0
2014
No
141.38583
1039.66667
0.37294
0.0641
56.3
178189.0
116.25
3010353.0
68.8
4741486.0
2303.775
46282.0
240.83333
85.0
1.3934
6197.35607
148.15
1.17
0.01352
0.43796
2015
1106.0
9009.0
300000.0
25401.61034
126014.0
283.0
1586.6
20
238
0.07143
Future policy benefits, Policyholder account balances
2018
0.26562
2012
0.41525
3193877.0
2277278.0
yes
276.6
0.08809
5462.0
15.8
-0.01712
1381.0
0.67254
11483
0.13452
0.0
116479.0
0.04492
0
94331.0
0.35086
2013
2975090.0
2011
2403
2010
6091.0
Federal agencies and U.S. government sponsored entities, Other/non-agency
2016
0.14887
3895.5
23159.0
7.0
6443215.0
0.81057
3160404.0
-0.35782
2013
14654.0
7777.5
1318.0
41633
2013
15182.0
3
125.10885
1.13451
0.00139
35558.0
5109.0
65958.7
no
2012
864.02455
403950.0
9924
0.10032
2.30769
-204.0
69.5
17945.0
3605.5
Twelve months or more for GrossUnrealizedLosses
102958
29.66667
2008
0.3394
no
170.43478
10509.0
15206.66667
664.33333
30381.0
1491.66667
573
24454.3
684.0
1888.0
4312
-0.27866
-0.14286
110.0
230005.33333
207507.0
46.0
2016
1093.0
1617.0
189068.0
1
894.0
0.11765
3204.7
9.3
0.0336
395485.30353
0.05551
0.07869
1207.8
167426843.5
1749963.28263
2009
17335.0
14532.0
70868.0
24670.5
0.10627
138687.0
10409.0
1911.4
2350.0
5113.0
0.75121
8167.0
38128.0
1268.28558
2017
2006
183379.0
0.25209
-0.02793
2017
89124.0
0.07438
0.39263
1189.5
0.3358
7791.0
-0.33151
10.83333
1194.0
193310.0
61182.0
0.20997
2959.0
-0.125
-0.32539
-0.12973
0.09022
2018
12.35
277.63333
2009
0.27036
403502.66667
204.11765
60375000.0
723
9.25
-0.13231
0.07143
0.35263
0.5
2016
3534.63902
2016; 2017
9226.5
14382.9
-0.03483
721579.7
0.12013
No
0.66866
0.23684
734.6127
25242.0
6995484.0
December 31, 2008 December 31, 2007
129448.0
30265.0
235.0
3
51216.0
63020.5
203.0
870.0
801.0
no
0.03835
9172.60932
0.07393
483417.0
0.85464
16.47059
0.22171
141713.0
-0.11571
2085003542.5
-905.0
0.1078
32548.0
2014
4475.7
213092.0
541895.0
0.211
12387
4110.0
1064.0
250.0
117942.0
yes
7794.5
No
308189.0
1.91016
0.15385
3226639.0
0.19957
0.06611
283.66667
-0.45
869.0
2017
1069.0
States, municipalities, and political subdivisions, Corporates, Redeemable preferred stocks
2148942.33333
0.18589
3
1029200.0
167
1608.0
0.41089
-0.14047
-0.06853
5.51613
7471.24378
0.0122
2581.0
8397.0
14.20442
-0.22059
2011
21455
No
0.97297
5.9
170249
1294.5
0.87089
0.20103
288359.5
0.1443
40,202
734709.0
250191.66063
5.73
-66459.0
44205.0
213992.0
29576.0
0.08432
177982.5
1.14973
1051
2468.85
-0.01721
0.375
5242.0
2
81656.0
7.0
124042.0
1154.0
75496.4
7637.85031
108.0
432.4
-0.12705
161.66
0.04096
5574
-0.06563
-0.14782
1.5
0.38216
1540
872.0
1328.5
0.2148
34582.50268
0.21663
0.12888
0.62457
56986.0
0.00116
104.0
115803.0
2609.0
756968.58756
4565.0
16.8
-22920.0
0.87349
21284.0
2005
0.75018
yes
118729
43540.5
1.66667
4173.0
353.3
17871.0
0.0201
1293534.0
150592.33333
9936.0
0.07527
0.01938
-0.3
3952.5
-0.33426
200000.0
485624.5
543508.0
1.8
0.27397
77333.0
10914.5
0.63636
0.77899
903.8
yes
66.33333
16561
32700.0
2015
2011
481917.0
0.91281
1013.76084
1584926.4
93.63333
151169.0
0.50111
19389.0
14965.0
91.6
Compensation expense related to (appreciation) depreciation on deferred compensation plans
2
117.87755
186.02198
20952.0
58962.5
16.0
0.24287
0.02682
404.0
0.04566
0.95091
61606.0
0.03966
-0.03556
829.67881
20467.33333
0.0635
-0.15385
19
0.2
3.47291
1
7275.0
365037.0
-0.04039
2018
-0.23077
-0.05951
14734.0
6361.0
83.9
no
86.0
0.08376
2230.6
11281.0
10.38576
213168.0
7.0
9609.0
7.0
1882.89137
-0.03883
58433.0
1289.74
-0.04655
0.07713
15198364.0
0.32874
0.20086
2007
2013
0.01914
20354.0
2.87584
0.19061
12734.0
Amount
31.0
4914.0
February 1, 2009 — February 28, 2009
299.0
2014
468879.0
15212584871.44
0.80723
-0.11951
2007
-0.21882
162226.3
11800.0
76.0
0.87349
24.8
6021.3
74510
35320.0
-4624.0
324.73636
1.56326
164.1
0.78571
0.00063
-0.024
2268812.5
0.04762
0.17162
-0.00166
9495.0
131.5
2909.33333
2010
814.2
2.16041
0.89349
1.59572
2010 2008
7031.0
Less than 12 Months
477854.0
1 year
2
-0.04178
2013
10467.4
2
309.0
0.39835
798771.87726
31041.5
1.01408
no
255559.0
0
909099.0
96.0
41392.0
11065.0
36.8
-0.60145
2016
35874.0
1551.0
2015
3
0.284
-0.05237
4658557.0
24937.48575
-0.08333
1.12578
9010.0
1114.2
23.35227
330507.7
2244.0
0.09564
974199.0
0.2
7782.0
-0.8534
1.4386
0.8512
0.08333
184827.0
35890.0
-0.1
1083.23967
2015
6756.0
0.03768
2009 in Retail
1.67857
2006
44031.0
-23.0
89.0
125000.0
0.05514
162158.5
0.00095
2018
5399.0
1793005.0
46.67488
14024.0
1035331.0
31730.0
0.1159
0.02351
14986.0
0.01639
0.12891
0.8975
35949.0
Cost or Amortized Cost 20% or more
24.5
Softwood lumber – board feet
6385.0
8571.3
10205.5
-133.95
6.4139
137.76667
54232.0
201320102009
19.8
475.0
6
2007
2013
2472538.0
1803.0
0.10145
0.23466
116.0
1758.312
151131.0
-0.11668
0.17549
-723.505
17.3
0.56997
0.34024
41678.0
0.11762
297.0
720
4333.66667
365526.0
315469.0
21.36893
677025
0.72969
0.175
0.5641
414452.0
127.3
148374.0
8223
38935.0
415.6
57.0
26073.0
8030.0
4475.7
6083.5
191966.0
0.62424
434.4
2008
no
0.74333
14.0
133.3
4088.0
2286.0
128.23
8589.0
2103476.0
0.03825
yes
-0.06163
0.43339
210.66667
6802.0
13.66667
12027.0
0.26604
1637486.0
1038.9
0.15997
6507.5
no
0.57031
1
-11.0
3171794.87179
0.1158
-0.27273
No
13960.0
28352
392103
194039.0
2017
20231726.0
148.0
11293.0
3040871.0
0.37441
455845.5
2009
2483.0
0.39314
27.0
1.14286
4234.0
-158.0
13461.0
5408.71973
4085.0
-1693.0
2018
949.16667
2016
9960.0
5536.0
403504.0
0.06446
0.08254
East
Outstanding at December 31, Aggregate number of stock options expected to vest at December 31, Exercisable at December 31
40891.0
18227.0
22448.0
4868.0
yes
2010
33588.0
0.2
2013 2012
0.14766
5438.3
724.8
0.03878
23256.0
21.24302
-0.02551
861,260
1413.0
1507.5
390.525
5085500.0
36575
60.6
872.0
1.5226
-0.45074
0.43026
405.46
0.18425
2009 2010
0.3443
2391087.99635
2005
693.6
5262.9
0.57967
60818.5
163566.0
174.7
2414.67814
2
3414.0
742231.0
2017
14.26906
6797.75
712.0
2003
3.49976
249109.0
2607570.33333
0.11465
2010
43.9
0.31287
0.05802
1136.0
27.9
1
1.6506
2
19617.4
1860.0
366660.0
183606.33333
2313.7
0.17348
18707.66667
0.86
Gas transmission and distribution
20046.0
2006
305677.0
125833.0
331.0
0.51584
0.59782
0.57565
598.5
4.0
0.80173
3.92222
49690
0.0604
230.5
98.0
724.8
0.09716
12.0
0.13235
0.83427
2010
11296.0
5898653.0
138574.0
1.06
12223.0
2012
44649.0
2324.0
-0.24771
0.18245
2
329.5
-0.05979
465004808.5
615.5
1
10639.3
17.57518
0.88973
15.5
879.3
0.1853
7
2966.45
2015
60198
14771.0
0.16701
Gross Carrying Value
6072
235.4
yes
22.81251
2016
247698.0
5158.4
4.4
16.23
-114381.0
2725.83333
2016
3.29962
2012
133.75
2007
456.02821
1.14
11178
0.84833
4801.0
-0.17874
0.125
241.0
25439.5
2008
668.7
0.82246
0.02258
2007
-0.58349
445.25149
0.02065
56.64103
0.40909
0.03921
133264.5
296143.0
10555.0
2009
107692.33022
2005
2008
0.37985
0.91849
2009
107
0.1134
Fixed maturities, Commercial mortgage and other loans
1012284.0
-0.05457
17974.48858
2.2
-0.02637
4312
4130.0
159524.0
0.35715
4324.0
2076.03285
yes
34264.5
71.9
32489.5
6
0.12169
101147.2
75834.0
-1.28942
5909.30249
886532.5
1527
136904.0
11276.73333
11
7477.0
0.10165
3068.0
2007
9058.51165
0.00551
5333.33333
278874.43843
20.6
84.6
3165143.0
-13108.0
603028.0
2008
25257.0
0.02941
2010; 2011
3.75
78.71658
no
0.05385
2012 2011 2010
0.16846
0.01176
-0.7187
1022.34043
891.76625
-0.00317
2392.66651
7505.9
2993.61091
53821.0
1
83.75564
1
2385.63
658.0
653361.0
-0.00655
-608.0
9834
196.12
85
57504.5
1.6383
19045.0
0.24913
194.5008
141891.66667
2004
11026.0
105383.0
0.04701
11929.0
3371.5
0.301
No
8221.0
Carrying Amount and Fair Value in 2008
8909708.0
2903.0
18833.66667
0.20582
103.8
7.095
11321
107.8
12751
23256.0
0.87079
-0.115
2016
1497.0
12729.0
1.8
2010
2014
-0.26013
702585.84851
4043.0
0.00441
50225.0
-0.1573
2008
23809.0
216059.5
0.07581
2012
Twelve months or greater
yes
498939.0
Diluted
-0.12893
Service charges and fees, Card fees, Other income
0.06349
0.80404
14.0
842946.0
5.64516
Non-GAAP income before income taxes
-409.0
3927.0
2016
0.11709
0.53849
13425000.0
Internal matrix pricing or discounted cash flow techniques,Significant unobservable inputs (Level 3)
4347.0
2005
0.89103
6862.0
42430131.0
1.0
2007 2008 2009
200.35
3
6462.0
1803.0
17607.5
109
2800.0
24.9
51531.0
0.18726
91253.0
399798.0
0.43056
101.49
0.00221
-0.15385
31107.33333
-0.07991
4.36818
14874.6
1072.0
no
1358.0
204.0
4651895
-0.0753
27431.0
0.26394
1.25302
273110.0
71396.45
92280.0
53.1
66.0
1069033.0
0.14738
0.30986
139.0
0.21844
1322698.0
0.80645
93988.0
966.4
-0.00813
2011 2012 2013
2011
0.08798
0.52
1169.0
2011
2059484.0
1683809.79168
3284766
0.07216
-0.2
13.7
10383.81178
-7.0
59898.0
-3.9
0.20116
8862.9
-0.04268
1
-0.13949
38779
37223.0
257.0
-0.10139
0.65773
4676.0
-0.66667
19384.0
2540.0
2009
268447.5
2127951.0
9151.0
0.84701
0.25308
2013
82.1
3
4285.0
0.80357
1630.5
83582.0
55.55
7021.0
0.11358
8906.0
0.00655
1
0.88575
369418
338.0
13268.17272
-0.0263
2003
43.2
10971.0
0.16667
0.96032
10.3125
3319.5435
66.0
7022.7
2005
-0.0332
15
15448.05883
1243.3
1384.2809
205.40833
2043.0
1088.0
0.45455
2.55064
12.10345
29.88986
9426.1
204.66667
0.09638
478
No
158227.0
12
66649.0
0.37771
9187.0
2015
0.27835
2012
190.7
200451
-907.0
2014
0.06798
8206.0
2007
927.44379
2018
0.35213
29.75
-0.04756
327.0
2533.0
Total Production Costs-3
9.1
26544.0
0.74564
446190.0
0.04181
Total segment
682
7127.0
140.31
90.0
0.8126
25707.0
-0.0152
125590.5
0.01197
2009
-0.34706
206674.0
12.2
8569.0
1.20567
0.01643
1671315.0
1382.2
15.0
0.0
-0.00331
0.15331
0.0766
1.1537
9558.0
22.9
0.30622
2011 2010
4709328.0
Mortgage-backed securities, Tax-exempt municipal securities,Corporate debt securities
625093.0
72154.0
615.0
21.0
0.01677
31704
2
-0.37446
0.06263
935.0
0.02735
154850.5
0.13483
0.03697
0.18853
15.4
3058.5
0.21173
848742050.0
0.60477
0.6
0.21286
2010
667108468.0
0.71564
0.21249
0.4
283059.0
1388.0
19.75
yes
12
41469.0
0.01393
0.29317
333691.0
-332128.0
2291.0
0.09096
4397.4
200.0
44392.2991
-0.12962
-0.05121
13003.0
3054494.0
54171.0
0.28173
196779
81782.36741
2498011.53335
3366302.0
121752.0
18.2
26.51034
4
2012
0.12727
TOP III efficiency initiatives
0.46553
-0.08517
0.46775
6880800.0
Commercial real estate, Commercial and industrial
24173.45427
11956.0
2524.0
0.15407
390.0
0.6757
-1.62599
0.06508
-0.0625
5.81308
13700.0
6
0.19293
2.32493
17653.0
363881.0
1859.0
0.02374
2209.5
805650.0
49170.3
973383.0
2016 2014
2011
136128.5
0.9375
2011;2012;2013;2014;2015
2060.0
0.1633
11079.5
1299.7
81150.0
1.26923
2009
473.875
0.03275
0.26493
162535.0
0.1381
2009
1594.5
85582.0
1(Non-GAAP income before income taxes)
1488620.0
41.37374
32218.0
0.93195
2014
28
2009
2004
27.97576
12937.0
-0.0364
9914.0
324.5
2004
361725.0
14639.5
-14.0
Unfunded PensionPlan
12094.0
2 (public and private)
222007.0
182.0
16.81
0.8747
10
no
573.0
0.28571
0.13567
0.16964
0.97143
204635.5
-0.04806
4813.66667
-15777000.0
2008
No
160372.0
5411.87
30.3
0.7372
378522.0
no
1434.0
0.16079
250445.0
2014
85813.0
10242.0
3018.5
6213.0
October 1 - 31, 2015
284899.0
0.04961
2016
127.0
0.98361
104510.0
2007
0.56359
85.0
0.0025
35152.5
13427.0
6390.0
548744.0
2011
843530.0
2013.0
0.50881
5728.0
3
174.0
0.10996
0.11722
388945.5
2006
18783.5
0.06092
147
1817
0.17915
2216810.0
1.70172
2015
-0.35394
4535.0
6653.0
668313.0
-0.13953
2005
1492.42514
915.0
141776.0
158775242.5386
8014.28571
0.07521
10052.0
-0.11476
0.81045
6107.0
0.76606
211.0
-0.07897
0.29384
0.12904
158.0
9601692.0
4836.0
978.26087
0.04222
2017
8512
347312.0
0.75628
24266.0
-0.65932
0.06
2014; 2015; 2016
1133.5
0.18524
2011 2010
0.77713
2.7
1.88889
-510.4
144121.91664
-0.08234
188306.0
183243.0
2012
2013
297
-0.02646
606.0
UE
1
no
Office, Apartments, Retail
-2.0
11485.0
0.10115
2005 2006
50.0
2014
Net interest income Net revenues
-0.00824
2004
6.55556
0.84211
10671.11111
Asia Pacific
0.99474
1532.525
0.4892
2004
1469.0
0.04358
223756.33333
10750.0
660.0
1387.47224
-0.01982
374645.0
1.4
22912
0.06982
93.0
6162.0
0.7205
No
no
2007
6225903.5
2011
1704288.78091
0.057
-3460.0
2.77778
7781700000.0
2008
0.05372
759.0
0.9167
0.11333
0.565
3742.0
-335.33333
12316.0
355375.0
2008
1
8981890.0
-0.05315
734
-1386.93301
7.68293
375.0
88.66216
1489637.0
0.7
30789.0
1493.0
-17628.5
6249.0
0.02465
2293.0
6713.0
600
3748.0
401537.0
1284.4
401.0
9619.0
2012
8275.0
6146141.0
0.608
49.03
no
0.02632
412656.0
81334.33333
7.26667
30581.0
14241.0
-10.3
882.4
23286
5556.0
2008
639
Pooled separate accounts-12, Partnerships,Hedge funds
2005
2008
0.52454
0.11538
40431.0
212596.0
8077.0
2013
1.75345
160.94681
74.0
0.13062
1267.0
12638.0
2007
104554.57447
1932.8
0.00985
0.11713
3328
2717.01
2
22322.0
2638.0
10608.0
861.0
26762.0
1110.45615
0.8913
292000
2013
0.11155
65700.0
759.1
0.88212
2015
19441.0
1.11111
2008
0.12284
-0.43333
1436.55
No
188694.0
1:Residential real estate
1
0.17949
1647.0
207.0197
780126.0
21762.0
4
2016
7607.0
17.77885
9773.0
0.03814
-1157.5
0.00988
9788.0
398.5
10.53419
0.31762
-0.02825
0.2264
2005
103568899.0
-0.09117
1.83408
28501.0
11.71429
Amortized Cost-1 and Gross Unrealized Losses-1
144971.0
7015.0
0.01639
no
yes
Dec. 31, 2015
311415.0
2005
1787.0
2.6
150.0
56.33333
7530.5
2012
236417.2
-0.1573
2015
1175189.0
2211.76471
Premiums, Net investment income
510592.0
0.83636
2015
426
37.56
0.22066
7056.0
2013
805.0
-0.52414
97486.0
5512.0
2012
36985.2
69255.0
0.34512
120764.0
43034.0
3159.1
380.4
795786.92786
1.52751
1.17087
2.09
-0.16636
-214524.0
424.0
2012
0.0419
2016
2018
0.02064
323.0
Yes
0.05048
-0.0637
27.73658
90.0
595.2
0.18068
-0.58772
32847.3
0.01733
11223.0
0.8075
16.3
2016
4444.66667
2355.0
619277.76
0.28634
3355.50638
Total assets
3099.13076
-26590.0
0.49568
0.44155
18430.33333
7184968.75586
145287636.0
2.03913
0.63636
-0.07991
0.84433
-26950.0
22764.0
324613.5
0.08934
5.0
2.97172
153862.0
Granted
151.2
0.45811
707.25
Commercial real estate
0.21689
0.40678
18103.0
446.0
0.15478
114099.3
6227764.0
0.01037
2.5
6647.0
24000.0
10553.0
1465422.0
146
0.5666
10432
-0.44444
343.0
86.62745
-0.37001
66.0
12505.0
0.54
3006.0
11605.6438
7709.0
1271.0
354.63333
0.04069
-0.02484
65.6
219820.0
2009
13708.0
18587.0
February 1, 2009 — February 28, 2009
-47258.0
494808.0
5409.66667
0.00778
9268.0
0.10805
2007
34078.0
24077.5
2236.1
0.02
62358.0
2068.0
957892.0
3513.0
2898.02778
0.29946
17.3
0.05339
231.0
2017
December 31, 2016 December 31, 2015
3664.66667
26.27273
1053.0
635375.0
11607.0
603332278.0
16461000.0
1301.29476
0.09694
0.97031
1301.0
2012
347604.0
18474
0.99988
0.10274
476000.0
1.0
71
1357.02677
19998.0
396.33333
1110
11168.8
0.27364
0.18941
12629.0
78.66751
Managed Funds Of Funds
1288599.0
1.1756
0.18025
17.71186
0.47857
0.25432
1204114.0
69254.0
106
126.0
0.08434
1263404.13151
0.07377
204.2
84680
299877.0
-1.49333
Asia, EMEA
186.02
9250167.0
3
2009
21516.33333
1718.7
6336.0
457.42574
6.04878
25923.0
13.0
-0.10218
249.01
0.0101
78220.0
31583.0
16640.0
0.38567
2013
3.135
21778.0
-1190095.2381
Carrying value
759.0
789485.0
919.0
8434.0
3410.0
no
-0.11667
5152.1
3801.5
3.0
109.26667
yes
2026298.0
0.39
0.41805
1128.0
No
0.11983
2009
859008.5
544.968
46402.0
368.25
2003
285070.0
0.11245
580.4
96783.0
0.71895
No
103.1
-0.01822
215.0
142730.0
0.02336
0.2735
418.13333
-0.05635
-0.56235
-9515.0
7452.94118
2008 2009
8013.29451
0.03852
Cost of service revenues
-13990.63891
-0.04897
536.5
Consolidated
Service cost and Interest cost and Amortization of net actuarial loss (gain) and Net periodic benefit cost
2011
500.8
0.11567
72.66438
55.0
1.2959
63692
21562.0
0.21977
67552.0
42432.31839
-0.04478
2006
100235.0
84302.0
2019
516.0
7.2
288.0
0.29458
-0.05587
9424551.0
498.0
3420.0
65404.0
-1170.0
-0.02826
1.0
2011
298.7
1.25714
1804.5
372154.95444
2
0.73333
Assets
6098.5
772
1.81081
28253.0
Gross investment income before investment expenses
853.549
0.02
2018
2
1.73578
633.0
124927.5
Proceeds from revolving credit and term loan facilities and other debt
25773.0
43.10256
2017
1840.0
0.10843
17
22354.0
0.04707
-14.85
6.0
0.08321
33.0
7893.5
4.25
24.8
9754.5
46755
162549.95
2692.32864
2013
1253.0
1686.0
348.5
203.10601
10891.5
16701000.0
0.15411
6.80952
1874.66667
141891.66667
11477.0
205181
284
1682101.0
448328.0
760.35
2009
0.33954
1.69695
93.66667
2014
2015 2016
2.5491
2008
9442.0
72.0
334334.66667
11333.0
2010
7037.0
139073.0
13.66667
18441.0
37987.0
2007
8801
355.84
1190054.0
1765.0
0.02395
244066.0
9
0.5
274421.0
0.14013
106
3
0.88314
-5.3125
12048.0
14686.0
8.0
0.54545
1338.0
2013
127880.0
0.02342
2014
8362198.0
7755.0
22.0
145.0
48.18182
0.72101
810837.0
39.725
83873.61537
0.12245
3426.0
0.62843
70997
2009
2016
227880.0
265716.0
485.0
3337
0.13762
1174938.0
14018.0
3111.0
9798.0
6911.15426
4.62025
13708595.0
2009
2016
13016.5
0.70067
351.0
14971.0
4427.5
no
1102271.5
771219.0
6191.67953
0.93878
-0.36123
215711.0
135335.0
-0.10316
1112.0
0.1811
2027
2138776.0
-0.05435
0.33496
10.0
33386.0
0.80991
1
11497.0
-0.60316
6843.69034
2405462.0
3357.6
3.0
238050
12323449.0
644.33333
77484.0
2107.17448
0.36286
1265959.0
1.0
-0.17382
11925.0
-14530.0
-0.11748
0.40678
4035.0
2358.48022
755.36667
0.87878
16.66154
198801227.8
0.66667
0.01424
0.06232
0.0002
0.00101
-143.0
25127.35115
0.07605
0.72
121.09375
18.75
0.76475
19362.0
0.95402
6077
8938.0
0.26581
0.41927
0.49206
-0.16667
-0.35354
71224.75
1062.0
6514.0
-0.12369
9867.0
2.39583
2017
151.4
20157
2091.0
67688.38661
-0.02195
0.19481
2007
1951.25761
36820
0.13934
35742.0
61000.0
0.0141
6
5066.65
2016
2849.6
0.38
9852.0
0.02813
85585.27299
28.57143
8764.0
6374.0
562.0
12396.66667
7355.0
0.09214
28.37
4621.73484
22877.0
81.1
Performance-Based Awards
77.6
6112.0
Mortgage-backed securities, Equity securities
0.18065
645.0
1397.0
5599.0
25734000.0
0.48347
2004
-18622.86191
0.5047
51.6129
0.08796
339381.0
425329.0
266.42661
0.09494
5779211.0
24.8
2006
4478.0
0.4
62423.1
0.37294
0.07012
no
9264.0
15131.63197
4.6
0.40541
0.16515
162.15
0.09524
0.0868
9465.5
243
3225.0
124268.0
918.9
Effect of measurement date change
665872.0
-0.19531
0.01743
2011
2006 2005
76.09068
77861.0
0.03353
yes
25820.0
0.25641
2006 2005 2004
0.12213
77333.0
30.6
11161.0
319.0
4201.0
-0.26446
0.085
0.09567
56.66
213.3
4
2005
173468.0
10110.0
8287.1425
1406.8181
166
2005
0.30682
12210.0
388499
2014
0.17794
1e-05
118634.0
1744074.0
2635.0
0.35236
1994.0
2004
133399.66667
13593.0
13020.5
0.29167
2700.66667
800.81083
177923.7
43.9661
0.83636
2
2145.0
2016 2017
0.34219
38.0
13.76855
0.03858
1249.5
46324.66667
136555
27954.0
0.28125
1
-0.15663
2016
2010
3402.0
62632.0
1.81275
86.71329
76732.52516
0.007
54.665
11.0
298.37241
0.22343
3113.7
5722.8
-0.3533
-3.0
192.0
2.11282
no
2465
2215.0
0.10019
11907.0
-0.31552
135006.0
24419.0
-382529.0
0.18877
2018
5049.25296
16.78832
298.0
122.0
0.05887
502201
2011
2
394292.5
0.04114
0.16815
22.0
6187253.0
2.05138
-0.40367
0.02344
59.50667
1
298.17254
63.44
17070380.0
5850.0
2075.0
320.7
100800.5
0.40678
1949408.0
10754.0
2017
3
2428.0
2012
5624.0
-0.24315
40859.0
926.66667
0.70963
266088.0
4579.0
36887.0
11.0
6125.5
-0.08152
2403961.0
17213.0
-0.07392
2017
0.31336
5337.05
2946.33333
672985.5
776882.0
196885.0
1.0
1.27
2006
-0.06404
608.9912
2011
Total assets
2784.4329
2018
2017
888.0
-0.00588
2014
7720.66667
2005
0.3913
1284.0
0.39007
1344.5
0.048
260669.5
2008
1079.0
295.05
2.68
0.28682
Product revenues from external customers
0.10116
2011
12027.0
8373.5
3
-22187.0
2014
188.66667
2010
3805.66667
0.65926
0.7949
1187.0
2009
0.1115
1251.0
0.18218
206845.0
2900.0
1498.6
48195.0
7255.0
2013
2016
115875.0
2823824.0
No
229.0
8317.0
North America, Europe/CIS/Africa,Middle East & Asia
2306840.0
3994.35
12220.15
Value
2015
0.76812
144361.0
30822.0
98.8
2584.0
2011
1683.25
19705.0
208443.0
0.87238
9.33333
1.9667
2007
0.23056
240712.0
22438.66667
0.08973
6842.0
55222.57212
0.04176
2009
0.51128
13431.0
0.40541
75797.0
2428779.0
-0.12245
10255.33333
-8.0
0.48556
0.27143
2008
-0.55319
Foreign government bonds(1130)
0.14548
0.01149
978.8
0.16667
154.0
4436.0
0.28564
43291.5
-146.2
11120.0
4886.0
0.01399
9526.0
361.3
8796.0
0.01005
9920.0
279741.0
45121.0
0.48
0.18492
0.69367
0.1029
0.07067
311.0
0.33333
58401.0
1142
28079.0
22538.0
Equity
2007
948.8
0.07644
115.5
no
5
-0.11842
2256.33333
0.08976
0.96417
-6607.0
6474791.52
2
0.06584
2010
0.00892
0.10095
0.01265
948.25
0.04762
3420.07629
0.09583
0.21395
282.0
68026.0
7194.0
4156.0
128251.0
102.22414
297.0
0.08333
0.15112
0.16726
4062.0
0.07925
13307.26204
5803.50079
3796.5
-0.07692
0.13656
6562.0
-0.12381
0.16873
2672.0
0.63292
4067.0
991.0
0.1049
626.56667
5668.11466
15792
0.22617
0.16175
0.4
936749
9075.0
2006
13105.0
165269.0
0.29293
7.0
534536.0
2017
2
24654.0
107.0
0.07594
265.0
2270864.0
522.0
7378.0
490226.0
510265.0
0.17792
Total
0.16
14519239.0
0.0033
2.13603
2555208.0
2.60492
13579207.0
58514.0
4131726.0
2156.0
-0.16577
Yes
0.07433
43247933.22
8390.0
-0.0491
32718.0
300388.01484
3337.0
1291347.0
0.71706
0.95929
0.16646
0.43448
8
14107.0
2901139
786047.6
9143.0
4.58333
415808.0
0.9
278
1686.47633
0.09733
Yes
299060813.5
2010
0.01252
1855.26667
0.59904
0.6
1535
1998.5
197.66667
367147.0
17307.5
108.1
-0.07962
0.20187
0.09864
0.01333
0.1087
31241000.0
7437.0
1224
2360.5
34.43333
20.2
0.55963
Total credit extension commitments
0.07331
44051.0
0.14635
944875.5
8.01818
3156.0
5451.0
0.56973
19846394.0
5629.0
2008,2009
0.35386
10471.0
3758.0
1.5
154
0.76381
1897.0
0.88696
0.03219
No
37.75428
2013
90.0
1440022.0
0.36937
5900.0
0.27642
3558.0
2012
14.04
-0.03383
1217.5
3812.5
0.55144
205.0
24363.5
2331.0
1229607.0
3.33333
8409670.0
11509957.0
0.11551
-2.36538
4791.0
11.25
16.0
6000.0
0.67988
0.0297
0.41061
3863.0
0.71818
-15803000.0
568.24324
567.0
2493147.03056
51742.0
-1.86301
0.10507
12894
2156.0
1.0
1618.0
0.22187
3887
2010
0.58224
1805.0
20430.33333
16180.8
76.0
1176
207680.0
1081.61186
5803.0
16.0
3.185
62797.0
1735280.0
1786.0
2006
0.27108
-0.0008
3931.5
285070.0
0.4
26073.4
2757.0
6.0
806648.0
2007
558.33333
2005
4.75
914.5
0.53979
9421.0
0.86318
2825000.0
20.74359
49.5
0.4902
1647424.0
51531.0
46.8
38832.0
0.00578
0.01896
6109.7
0.50271
4
6841.0
624997.31509
1215.33333
0.90391
287.5
11791.33333
-0.13676
1848.0
-0.07
875115.0
4317
1473.0
707.0
1983
2013 20124
167.0
NYPA, Municipal Agency and other sales and Retail access customers
89643.0
27590.3
1161308.0
2013
0.01429
-581423.2
2793.0
0.13801
0.98993
0.09215
2002 2003
12378.62883
18827.0
2005
611.9
0.02295
7030.0
no
0.47097
1122100.66667
0.97078
12
4503.5
409279.5
-0.06475
8386.0
16957.0
22.0
9.0
75234.5
547091.0
382.0
0.35891
4133088.0
0.59535
557122.5
442700.5
2
0.21587
2018.0
17779
0.28571
2007
217718.0
464.04
0.02083
2355.0
2016
2089
-0.00084
9458.0
-268.0
2017
10764.0
2132.0
0.28735
2.51577
13091.15
30450.0
123369.33333
14343.0
3331.5
858.07601
586080024.0
1696.69263
0.84
1139.5
2005
589.8
0.25073
5
8365
465.4
150804.5
5032.0
0.29286
3
-0.05438
0.96825
18.59296
1970.0
22929.0
25861.0
73258.05
1.0
0.91453
49.9
4%
193352.0
6.19048
2.42985
43629.0
2
1066.0
11791.0
0.16114
0.03743
-2.9
0.28767
0.01339
2647.56698
146530.0
0.00214
874074.0
0.00532
-0.83598
0.76531
8880.0
24190.0
2012,2013
9012.0
51.9
41582
0.87149
0.09618
-0.64507
39854.0
1101.0
2583.0
782.0
-0.02602
18476.66667
1.17
0.16386
337490.0
332.0
2001
-0.05756
0.01604
9.52381
0.23802
10
0.03652
1439.4
0.09767
2009
3623.5
217101.0
2014 2013 2012
3576.0
0.8
5731512
2144.0
421.2
1320.0
Financial Services Businesses
2008
483.6
-0.0916
28364.0
113.0
1511.0
0.157
542.5
356.66667
915.21439
1996.0
0.78247
3275.5
26337.0
1986932.0
468.0
15.0
2897.0
927278.0
9651.0
8521.0
0.76002
404.0
0.11546
2012
25742.8
0.09512
March 31, 2007 June 30, 2007 Sept. 30, 2007 Dec. 31, 2007
35966.0
0.02941
214.4
0.02721
-0.25183
15904
0.021
416186.0
0.14209
9655866.0
2013
0.46056
201920182017
20082009.0
0
2001
57.0
46178.0
181.24
17092.0
4180330.0
1091642.0
137001.5
192079.0
No
0.08866
35.71429
1512966.0
22158.0
2009
27771.0
627680.66667
2015
-0.11404
-1019.0
2682.0
15187.66667
52246.0
8674855.0
8.53082
No
2006
58227848.10127
122.4
2017
0.1765
49.13
143.8
81980.0
311.9
542371.0
878242.0
0.2
NO
415
-12.0
2925.66667
0.40486
22645.3
948.8
51277
-0.02221
0.1057
166586.0
47.58
46.94737
36.0
11124.0
2885
2006
6257.0
8124.0
15017.6
2316.5
21055.0
2014
1217570.0
1304516.0
65520373.0
Amortized Cost
7400.0
317.37089
2009
2007
2006 2005 2004
58711.0
6187.0
Non-U.S. pension benefit plans,U.S. pension benefit plans
617.76696
231373.0
3918.5
3735.0
0.0738
0.04798
582505.0
0.19351
111.75
30514.0
0.04233
194.0
7312.0
2137.0
4785.67966
2278.0
111392.0
2.0
2009
13304.32498
2011
1592479.47627
0.82571
0.09091
2.6
141653.0
Foreign government bonds, Corporate securities
345.0
-0.12963
1509204.0
0.07599
2157418.0
-0.2339
0.04618
0.09859
3
2008
8136.0
21337.0
27992454.0
-0.18072
1079
2010
350.0
7345.0
9312.0
-0.09858
5897.25
0.1281
87.0
-0.07631
8980.0
3
3462694.66
75304.0
0.0
0.44359
7046.0
0.21011
2009 2010
0.10446
466.0
0.26786
0.24015
9206.0
0.47348
829303.0
-0.26844
0.03933
-0.00653
5.54386
0.05
0.05694
130.52
665264.0
463670.0
no
0.15686
902.0
121683.5
292822.5
4314.0
203183.0
0.01087
2008
3734865.0
3
2009
18539782.0
5768.0
0.09459
no
26.64474
578632.0
39295.0
1051.0
2080828.0
443659.0
0.69443
0.02207
2013
2012
514270.0
0.34419
1.03333
0.15489
4413.55
496
20754.0
25.97297
1.0
0.8555
0.93333
1050.0
16.3
2015
10750.0
204
Residential/Religious (b)
-0.04545
2005
547.5
14630.0
584.6
20703.0
546.87266
0.34637
-0.20298
0.58772
0.07716
0.05093
869204.06955
22277.5
13850.0
0.01058
769.45201
24.4
2006
60705.0
2041
3
0.04258
1695129.97591
3709.0
0.11382
2015
1239200.0
1395000.0
590.0
14287.0
5
17790.81016
891090.0
0.21333
5774
0.28378
308324.8
10182.84334
1.55588
13940.0
91378.0
1
0.4878
-0.6516
0.27737
2805.0
346.37
2.72072
817000000.0
2623.9
25225
19661.0
13236.0
47690.0
407156.0
26.38314
5549.0
1877.0
-0.50355
1144.0
126614.4
15061.0
42.0
-0.17391
3898.5
343547.83
433.2659
0.00164
1951.0
0.1004
4491.94062
13091.0
7%
53479.5
1.26067
365.4316
9467.0
no
-445989.0
53.0
8192.6
3.5
0.02176
6077.0
0.97725
15277.70973
281857.0
-0.58345
-0.26087
0.27612
5777.0
-138.86667
227275.0
2602.2
22.0
0.24672
0.09884
14277.14294
-0.04734
24791.0
527755
11843.0
4492.0
-0.27012
-11.0
2046.31796
7.97373
-0.01449
0.40984
138942.5
2013
115.45
0.0603
57506.66976
7.8
3320.0
-0.07125
0.92624
2017
0.13377
9519.0
-0.0206
107.00714
no
-0.07339
4.16667
1.13692
2.3143
1019.5
0.28571
0.0171
0.33168
179.0
2015
275.7
0.09925
10221.0
2098.0
685.66667
4488.0
2010
2009
9351.0
1.15293
0.26182
303320.0
-0.01277
0.48966
1266769.0
2008
125317.71131
10493.0
606402
5741.5
6.0
0.00697
2202.0
11549725.0
0.10336
9015.6
277.2
371.0
-0.05085
19.0
-426.9
0.17492
9070.5
2931.1
3173.6
no
3310.3
36387.0
230481.0
-0.03542
0.43664
184.0
12108.0
0.83621
12107.5
69.0
153.0
0.3982
3103345.5
yes
44.0
22.5
0.02109
-0.26659
1.08106
2745454.54545
1392.0
2010
2008
-0.75667
335.0
22400.0
106016.0
116291.0
90308
0
2302.1
0.03636
1140.0
12300.0
857630.80895
7407.0
1311.0
1825.85
359455.0
38.2
46.75817
2011
0.06134
0.13043
2013
2938.0
4591.5
0.13095
2012 2013 2014 2015 2016
0.32405
3689.19646
-0.32353
-7421.0
282986.0
37.0
383.0
United Healthcare Employer & Individual
1
24856.0
0.11059
42475.5
1012.5
1.74618
3425.0
463.0
0.2
1.26082
yes
5.0
5.8
322
81.0
1036.8
378.0
65928.0
19.4
3034.9
170248.0
-0.23
2017
1100030
2017
No
728584.18112
4116.0
-0.05744
-0.15091
40012
458.0
15216.0
-1.60204
2014,2015
4787.0
40576.0
0.43741
2
2014
0.43
2.33333
2013
No
252677.0
-0.91829
-5.6
-0.1
0.56383
-0.22398
0.03934
1162
580604.0
-0.08759
71.0
0.75039
183.6
2003
0.99204
296566.4
41661517.0
4764
no
123.92647
11759.0
0.40294
0.275
1076
175
1490.46232
0.09022
0.3517
-0.09762
-5.55556
2012
December 31, 2006 December 31, 2005
-0.13333
Yes
3782.0
0.13821
13264.5
5.59516
117.0
30.5
2017
876.34645
0.58974
0.27231
8767.0
0.4661
2579.0
5999
-0.2108
217704.0
Property taxes
2016
2017
5175.0
23334.5
Significant Observable Inputs (Level 2)
0.19391
15392.0
0.07772
7752.6
0.11681
1.0
17915.0
0.86747
37580.33674
0.85384
204845.0
333.0
0.1134
0.25541
520
2328.6
2.86647
-0.0313
-11.8
146.1
2011
4618889.0
2008
5541.0
0.07317
-357181.72497
0.3588
1109.0
0.08333
59076.0
13.9589
28273821.5
643.0
553.0
2809.0
276.56921
-3179.0
4006.5
989.16185
61556.0
-0.00339
0.9983
539362
494.0
133.66667
410.22463
0.00844
208.14414
22535.0
1206.75
8200.0
0.20588
25584.0
141891.66667
113648.0
17667.0
3375.0
0.16667
0.1014
2798.0
0.98678
0.07556
U.S. high-grade
31.5
929513.85508
66050.0
0.18157
1182.75175
323.66667
67142.0
14556.0
Expire in OneYear or Less Expire After OneYear ThroughThree Years Expire After ThreeYears ThroughFive Years Expire After FiveYears Total
4001.0
63480.2176
26737500.0
0.01698
6632.5
1495.8
0.25161
2014
165.0
163.0
0.04378
2011
1.0262
-0.16216
23510.0
4499.0
2.0
82072.0
903.8
2740.0
1.07925
2011
Total noninterest income
2010
8651.0
319267.0
0.23693
298217.0
326583.0
1582.4
455.0
0.13631
2318.1
-0.04216
139927.0
0.00342
19463.0
782.82289
2224.86957
0.30851
5366.49411
1665.5
460.0
16305.7
0.10738
0.74583
109149.0
425880.0
2
1082761.0
0.00322
no
335059.0
534300.0
0.11202
-0.2405
1
7552.0
0.04866
-0.59536
2002
13914.0
0.34363
13935830.33414
15296.7
-0.59781
4421.0
0.57656
32742.0
292.21429
5936.03333
-0.22145
15180.0
331893.9
7637.5
1.9
229.0
yes
277.46
295.0
9730.0
yes
1364.0
4.62373
-0.47078
1.9831
3799.0
0.14103
0.05769
Level 1
-654.0
0.39669
7.8
0.01858
0.0098
2.35
0.24853
3644.0
0.5074
27830.5
2645.0
38294.0
37063.0
1737699.0
438.22
39985.0
211327.5
10240.2
2011
17913.0
13145.4
