11.7
17.6
16.1
1.888889
-463
2.1
1998
0.064348
0.191024
139337
3
0.186393
0.821697
36845
3
5
13
3
0.953605
4.581961
18.6
21.9
41
0.049823
-0.174263
2.952381
0.202751
0.365104
0.939304
0.036168
0.019253
0.002332
8.3
7
1.918033
2
53.666667
20
0.973958
0.921821
0.318781
0.255518
0.242344
0.095918
19.7
19.7
0.849421
0.009327
0.030968
0.890882
0.334289
0.404119
0.253108
0.205233
-0.19438
0.196566
0.139431
0.131469
0.761075
0.552141
0.213284
0.018029
0.051883
0.02
0.01
3
3
2
4
1
13
5
0.81299
0.14335
7
34
14
11
21
0.892796
12
21
15
14
11
48
13
5
32
1
13
25
12
9
16
17
14
25
14
51
0.6
1.6
2.4
15.9
0.343714
0.8
2.6
0.85034
0.568248
0.161948
0.120144
5.9
1.8
1.6
0.2
0.6
4.7
2.9
0.5
3.4
1.7
2.1
2.8
2.8
1.1
4.2
3.4
11.3
0.6
0.4
0.7
5.5
1.8
1.1
1.4
6.7
0.98151
2.7
5.2
12.5
0.560891
0.254642
0.184467
0.315741
0.6
3.2
0.43
472457
29
0.201311
1
24
9
3
3
3
2
1
1
10
9
8
9
4
4
10
9
6
14
66
28
25
17
2
8
28
15
12
2
0.800589
0.345773
0.546903
0.134959
0.486906
1.395279
57.2
0.629734
3
21
19
16
2.35
2.1
2.181818
2.3
4
0.413418
2.418857
2.104478
0.171939
0.202989
0.625073
83
0.349767
0.248342
6
3
14
0.618091
0.285481
0.096428
0.659455
0.252549
0.08798
1
2
9
0.2
0.419661
3
0.419336
10
0.053015
0.070966
38.6
1.909774
41
44.5
50.5
0.775976
0.40566
0.4
0.361556
0.023256
0.032362
0.066667
0.317647
0.16
1.7
0.92
25
294
13
4.117647
6.5
3
2.25
2.083333
67
88
2.988372
0.872045
0.078145
0.034739
11.3
0.879454
0.061968
0.048209
0.041252
7850
2.243902
3.354167
4.6
16.4
14.3
7.4
0.3479
1.3
0.33
0.780107
0.725718
2.416667
3.016667
73
51
61
84
1.9
1001
0.624567
0.540058
5.6
0.033
0.651848
13.8
8
4.48
39.1
194
0.578234
0.154209
0.17513
0.907573
25.2
31.4
6.2
42.6
52
9.4
0.044296
0.049924
0.663626
0.833782
0.336377
0.842886
0.413261
0.260531
7
7
0.320281
2
2.716049
3.333333
0.984375
6.694656
6.871658
2.677083
0.236631
67
1.2
0.7
1.5
-0.019328
-930
1144
24.2
52.9
52.6
63.2
186
672
9.9
12.1
13.9
7.8
6.9
11.3
0.389381
8.8
15.8
0.443038
0.556962
0.168672
88200
52400
2.64
0.839421
82.72
79.89
3.090909
2.3
2.027778
2.166667
1.952381
2.066667
436523
13700.0
0.1
0.1
1047850
0.871203
0.944053
0.011346
23.4
18.1
1.8
0.770492
9.4
5.6
23
40
3
17141
3
1.6
4022
4116
1983
0.10513
0.216383
82
0.405619
0.190704
3.971635
2.451602
3.971635
2.451602
11
0.58296
13
0.224215
0.1
1554822
49
6.9
4.165217
2.9
1.3
0.023256
10
4
14
10
8
5
11
6
6
37
51
9
0.06709
0.071308
19
11
2
38
18
12
0.247714
0.24319
0.190207
0.171118
0.349818
0.361856
2.92
1.46
0.238095
0.004214
268
58.3
74
6.2
61.1
53.6
48.5
22.5
39.3
62.4
0.186143
0.695225
0.654132
74424
83.65
11092
17522
13532
0.664294
1573
4698
-40
1107
0.661445
0.338555
0.291826
21
22.8
10.2
24.7
21.9
2864300
2.13587
2.75
15.465662
0.304379
0.115007
0.30396
0.201637
8.806113
10.95599
0.39064
0.485994
0.632485
0.491149
0.008
0.03
0.004
0.277102
3
17
1
6
2
10
37
12
33
10
11
8
52
2.016393
6.3
1111
0.036318
2146
0.072795
2146
0.072795
47
1.61
0.69
1.55
1.55
0.82
2.08
0.159764
66.2
27
3.076923
42.1
0.059757
3.608696
1.446809
1.118644
0.86502
0.579975
0.169147
0.115899
4.3
14.6
80.7
72.4
83.9
3.102041
0.999031
50
45
79
70
19353
25
0.889715
0.301784
0.108183
0.657317
0.620189
83200
0.698738
0.386766
0.424242
52
62
60
84.8
2.9
11
7
4
29.2
37
48
53.4
25
67
0.13
12
13
75
61
41
15
93.5
83.5
19227
6341
2856
0.317241
0.28046
0.098434
2.516129
1.895833
4.129032
2.189655
1.831169
2.272727
5.966667
1.75523
1.351464
1.34728
1.393305
3.754527
3.633803
2.275654
1.965795
2.611511
2.539568
1.776978
1.551559
2.5
3
1.909091
3
12
0.725
0.149
53.8
0.068098
87
0.227695
0.134023
0.042347
0.132733
0.235309
0.690897
0.100832
0.09848
0.093251
2
7557
6701
6659
5623
4843
4304
3.05
0.731634
0.268366
4.869565
2.615385
5
0.351598
0.237443
1.945205
0.70892
0.431925
0.241784
0.07277
9028
0.563898
4253
0.265646
0.420987
0.408557
3.231707
10455
2385
3682
4921
55.7
1
0.263706
0.219755
0.442229
0.988176
3.514729
0.927677
41310
1.634856
0.408965
36702
105
130
2395
17
356
597
659
358
127
187
41.9
42.7
2.703704
0.064447
0.05
0.04
88.3
39.6
48.7
51.1
60
57
0.593656
3188
-4583
-642
-11260
3188
132477
0.527331
0.147498
0.325171
22.5
17.9
11.7
10
24.9
20.7
0.855
0.255062
0.185215
0.170675
0.144857
0.122571
0.046474
0.044843
0.030167
21.9
0.115
138544
0.477876
0.560976
3
0.854127
51
76
79
82
94
94
11
89
1.7
1.8
0.738102
0.432027
0.3
2
0.021914
0.016644
0.082102
1.12
0.430742
2.06054
0.697659
88.475
74.775
0.11
27410
27710
25920
25030
2
0.417665
0.62069
45.6
59
2
299
0.8
0.9
1.925926
0.5
1.961071
34.9
39.3
55.5
8.9
44.8
37.5
17.7
42.9
65.8
28.1
6.1
0.881605
4.5
3.346667
1.547872
2.130952
0.523901
0.708072
0.645755
0.866041
1.992958
0.367491
3
10.3
10.2
0.757576
3
4.3
12.6
54
0.745
21.2
11
10.6
4.4
2706
3865
0.290099
7.3
5.3
10.1
7.7
11.7
955
1640
363
463
289
84.2
2.521739
23
19
8.4
3
3.333333
2
5
10.2
12.1
3.8
13.2
6.5
4593
6921
0.06783
0.067054
0.642907
0.357096
0.194444
0.493585
0.2466
2.69
0.4
0.100237
0.02
1.8
2.8
3293
849
0.7
0.2
0.7
3.6
2.9
4.1
5.7
4.3
2.7
0.61
0.18
0.45
0.49
0.04
2.1
13.3
8
0.043
0.046
0.042
0.074
0.023
0.023
0.036
0.081
0.102
0.159709
0.10792
0.087485
0.069466
0.032863
4
6
7
8
6
43
37
35
10
10
17
17
16
15
10
0.773626
0.835055
0.140574
0.07885
53
59
0.730168
1.85
1.576923
